6581.509900 2529.323250   86.120250  390.731300 -333.545450 -385.898600   -3.036150 -146.462800 -1865.941650 -549.568950  -23.323500 -287.751200 -474.536200  -30.145450  -72.133200  -42.466850 -617.121750  -59.324350 -367.157700  -23.024200 -969.646350 -467.073500 -527.675350  -49.763600 -1148.580550 -840.780450 -396.431700  -49.213300 3468.162250 -261.250900   39.277050  -21.037500  209.316400 -260.211600   10.552700 -141.154600 -1607.979100 -194.153600   43.485900 -256.440400 -603.808150  130.040650  -13.550400  -49.780800 -317.250600  295.663250 -405.107850   19.020800 -248.859550  103.517150 -511.495450    8.750250 -145.154000  -82.420400 -245.705150   32.837050 2418.782800  400.929800   38.833450  137.027550  415.421150  230.206950   68.150350   20.558250 -1179.805650  144.424500  233.450450 -316.672200 -548.212350   75.619350  -10.368950 -123.065050 -193.300250  204.941900 -242.992650   31.083100  -34.147900  295.774750  -83.414700    1.742050   55.547150  194.172750   -0.910600   32.363100 1369.293250  426.823900  -10.382450  191.987000  423.811650  228.847000 -126.717850  162.903700 -390.457400   71.096100  -56.045400  -59.900600 -328.294100   96.038750  -23.069700  -65.940550 -107.428300  211.335900   42.161600    6.162600   -0.665050  123.837900   72.509450    6.003200   -4.857200   58.909400   17.735800   -1.325900  596.722150 -416.792950 -201.675300   38.885700  246.911150 -235.415150 -297.361550   72.226450   45.994900   24.166700 -105.362100   26.080500 -166.085300   72.910700   24.877300   -7.677700  -51.895600   31.042750   13.667900    1.007050   -2.630800  -35.304650  -20.016950    0.000000  -48.527500 -158.652100  -27.214500   -2.774800  200.092850 -571.812200 -127.733450 -119.111300  266.693450  -39.328700   27.543250  -39.915300  -11.855950 -108.170450   26.155050   17.000850 -108.039450 -273.418050  -23.582300    8.215600  -50.442500 -278.265200  -35.114500  -13.997200  -35.987700 -303.783050  -69.034450  -17.763600 -120.390950 -321.645450  -45.910850  -84.606250  228.580250  -34.034850   15.547250    8.211150  150.221500  255.836650   37.684200   74.303350  -56.401700  355.656150   14.936050  111.584600  -29.279150  437.248750   -9.413550  -17.368650  -56.476350  504.885250  -41.984150  -19.090550 -125.328300  606.826550  -16.087450  -38.456100   39.047100 1037.023550  137.515250  -48.503500 
2529.323250 5295.504375   34.766875  949.152750 -921.220375  455.304500  -21.632625  340.861000 -1497.226375 -305.626625  -26.998750 -114.626000 -339.376000  -53.792875  -32.361000  -28.369875    7.406875   -6.641125   46.227750    0.061500  251.893875  -54.301250    2.096375   10.987000   73.737875 -227.462875 -107.574750   44.794750  398.846875  395.561750  -18.099125  232.471250 -130.090500  540.299500   -9.540250  498.682000 -817.176750  251.222000  -57.146750  311.530500 -267.165125   17.158875  -41.924500   32.698500  145.367000  -66.115625   76.835125    7.741500   99.235375  -49.187375  -91.507875  -12.628125   56.490000   70.208000   24.812375   17.605875 -223.853500 -241.053500  -25.964625  -69.635375 -122.272375   60.704125  -72.563875  186.399375 -314.386375   30.043750  -77.274625  250.126500  -40.666125 -217.561375   89.065875   37.654125   53.895625 -219.326750   91.336125  -17.568250    2.189250  -65.139375   60.350250  -19.971625  -33.982375   69.413125   53.614500   14.176750 -251.795625 -421.314250 -142.147875  -56.822500  -10.966125 -441.215000 -251.479875    5.219750  289.163000 -322.180750   27.010500   47.784500   99.553250 -145.954375  215.625250    1.727875  -32.095250  -91.579250  123.048000   -0.032000  -18.423375  -72.776750   14.042875   -5.726500  -18.126000  -10.103000    5.729000   -3.318250 -649.779875 -938.924125 -404.155250   -4.722750  452.200125 -400.587625 -252.864625    5.372875  744.013250  -85.960250  155.495750    8.336250   80.377250   -7.945250  148.730250    5.865250  -42.645500   -4.019375   10.805750    3.665875    2.966000    7.643625    7.763375    0.000000   20.011250   52.665750   32.771250    6.091000 -1185.440125 -992.351000 -228.540375 -210.110250  682.797875 -260.107250  -32.188125   10.929750  816.388375  -46.805375   69.950875  228.877375    1.014625  -58.783375    2.619750  100.830500  -15.181250 -145.516000  -21.421250   21.644000   28.622750 -233.593375  -18.290375    4.347000 -110.346625 -350.340375   14.180125  -14.969375 -948.945625 -1440.382375  -10.683125 -482.822375  296.031250 -1386.123625    0.428500 -132.056375  511.165250 -1053.779875   -6.656625  482.000500   86.984875 -184.344375  -36.909625  319.283625   11.823875  197.461875  -83.305125  115.902875    6.274750  344.572125  -92.822875   30.118250  -38.623250  663.669625  -25.223125   40.068750 
  86.120250   34.766875   49.889375  -11.078250    7.216125   20.816500   10.277875   -8.828000  -38.815875   -8.780125   -0.528750   -7.512000   -8.077000   -4.231375   -1.917000   -1.045375   -3.355625   -8.641625   -7.128250    1.060500  -23.321625  -18.541250  -17.829125    2.114000  -45.903625  -42.131375  -16.025750   -0.944250  138.604375    0.279750   10.567375   -4.603750  -34.908500  -22.858500    1.960750  -10.136000  -52.809750  -19.276000   -3.064750   -8.116500  -11.589625  -12.446625   -7.796500   -1.630500    0.789000  -17.763125  -11.050375   -0.169500   -1.906125  -25.522875  -23.491375   -0.785625  -16.195000  -15.084000  -12.012125    1.832375  108.655500   51.340500    0.928875   16.916125  -31.952875   18.157625   -0.853375    5.776875  -40.690875    2.703750    3.968875   -5.219500   -9.511625    8.769125    0.877375   -3.282375    2.178125    3.065250  -10.743375    3.949750    4.577250   -7.241875  -15.125750    1.074875    0.032125   13.265625    1.781500    1.544750   27.971875   42.202750   -1.221375   17.477500   -1.316625   38.315000    0.139625   13.735750  -16.824000   15.462250    5.893500    2.166500   -6.889750    7.198125    2.919250   -2.273625   -3.004250   15.157750   -3.604000    0.546000    2.270125   17.200250    2.171375    0.839500    5.083000   18.764000    5.018000    0.339750  -12.645375    6.382375    2.505750    4.913250   -3.635375    2.982875   -0.796125    3.326375   -7.109750   -0.864250    4.197750    1.221250   -5.081750    7.480750    3.044250    0.104250   -2.123500    9.653125    3.212750    0.157375    0.002000    6.494125    2.284875    0.000000    1.481250    9.137750    8.441250   -1.308000   10.010375   -8.912000    0.891125   -3.004250    0.026375   -4.913250    4.044375   -4.314250   -5.610125  -17.173875    3.387375    0.182875   -2.083875  -15.834875    1.665750    0.628500    0.178750   -8.822000    2.508750    0.088000    4.021750    4.875125    3.706125    0.869000   -6.875125    9.736125   11.999625   -3.111875   41.526875   17.827125   -0.070625    6.717125   -2.888750   28.555875    1.289500    0.924125   -4.635750   12.229625    4.149875    4.068500    1.530375   -6.471875    5.818875   -3.170875   11.098375  -19.445625    4.865375   -3.068625    9.425750  -35.216375    2.343625   -0.969750  -33.260250  -76.488875    4.199375   -3.046250 
 390.731300  949.152750  -11.078250  343.043100 -317.959150  -18.168200  -11.715050  106.681400 -336.338550  -83.738650   -5.049500  -24.644400  -52.634400   -9.234150   -1.698400   -6.150950   30.672750   11.516550   20.155100    5.359600   69.337550   -1.539500   19.084550   12.271800   26.492150  -47.669150   -4.377900   11.252900  -94.819250   93.036700  -11.366650  106.087500  -15.993200  130.850800   -5.085100  191.389800 -187.371700   46.196800  -12.751700  104.560200  -40.624050  -16.623450   -0.484800   16.325400   54.317800  -31.127250   45.242050    4.944600   28.959150   -2.202950   22.650850   -0.978250   30.817000   19.485200   25.356950   -1.066650 -204.451400 -108.297400   -7.234850  -24.373150   -8.119950    2.894650  -16.544550   87.832750  -42.131550   -6.433500  -22.595850  123.878600   24.175550  -76.381550   21.766350   37.480650   36.103250  -76.999700   68.684450   -6.335300  -11.722300  -31.686750   32.426100   -5.651650  -12.732950  -15.055750   14.412800   -2.455300 -140.252250 -141.260700  -25.878150  -29.531000  -34.441450 -138.621000  -46.002950   -2.173100   73.971200 -100.679300   11.875200   26.767800   55.793300  -61.823750   80.881100    9.032150   15.417900  -60.636700   32.059200   -0.053800   -9.769350  -50.122700   -3.967850   -1.851600  -10.891400  -31.597200   -6.530400   -1.308300 -178.877950 -221.826650  -84.891100   -5.549100   52.595050 -106.908050  -29.574850   -1.213850  160.776300  -35.182100   72.032300    1.873500   38.038900  -15.644100   48.550100    1.260100   -3.627200  -11.115750    0.787300    0.818350    0.790400    2.620450    0.410350    0.000000    4.442500   28.762300    1.013500    4.577400 -298.892050 -227.926400  -49.690150  -36.048100  132.480150  -70.631900    1.642750    3.253900  174.677350    9.180850   29.599350   54.148950   14.067850   38.514650    6.054900   27.197200   -4.772500   38.747600    1.193500    5.833600    0.200100   13.629650    5.477850    1.916800  -10.547650   -4.789150   22.586050   13.156250 -262.098250 -358.121950   -0.949250 -109.139950   71.345500 -347.166450    0.180400  -33.343550   96.212100 -281.084950   -1.043650  101.330200    2.728950 -105.673750    4.041150   73.757450   -4.282450  -41.513250    3.098950   24.652150  -11.512100   19.949850  -11.133150    5.924300   -2.682300   93.728850    6.686750   27.235500 
-333.545450 -921.220375    7.216125 -317.959150 2246.987975  683.821300   25.864825  117.587400 1111.217575  248.882225   -5.468250  105.134600  -75.840400  -11.579525  -77.289400    0.276675 -532.412875 -154.617075 -299.847150  -19.973900 -736.711075 -241.810750 -299.061575  -38.156200 -587.477475 -204.969525 -161.382650  -26.787350 -399.434875 -1135.961550   10.656725 -444.686250 1092.566300 -398.719700    3.949650 -289.778200  922.826550  -87.151200  -44.768450  -93.904300  -74.631675  -34.317075 -177.114300  -18.191100 -356.580200  186.039625 -194.360325   -5.503900  -87.937975  298.107175   33.190475    6.381125   93.042000  211.248200   53.221825    0.661725  -55.164900 -408.830900    8.053025 -214.971025  587.175175 -412.818725  -22.525925 -303.825375  602.599575 -185.524750  -92.612975 -144.989900 -168.588075  211.274575   -5.055275  -33.717725 -220.448625  465.698550  142.558075    8.926450  -14.493050  364.106375  172.286350    4.964225   90.027175  208.849875   86.227300   -5.613550   81.379625  197.340050   44.471475  -13.728500  262.309925  185.109000   93.809675  -52.533350  -18.470800  179.959950   17.740700  -50.742700 -225.293450  313.319375   81.816350  -12.387475 -120.217350  253.039050   81.542200    4.404200    5.669775  145.730550   45.927525    2.491900   22.672600   51.584800   11.888600    2.163450  359.494675  731.586725  210.833650   12.728150  -32.012325  381.126825  142.753025    1.546525 -351.865450  185.877650  -27.266950  -16.530250 -226.623850   54.180650  -77.434650   -7.689650  -43.327700   11.487375  -15.621950   -0.913275   -2.943600  -35.993425  -12.518775    0.000000  -44.596250 -142.021950  -50.030250   -9.381600  712.580325  755.867600  132.406975   95.271650 -131.094475  248.355850   31.347125    8.763650 -395.626775    4.817975  -59.957275  -93.321175 -160.660025 -106.641225  -43.020350  -63.532300  -39.153750 -139.248400  -34.387750  -16.792400  -36.742150 -149.441225  -22.025025   -6.841200  -55.996775  -29.537025  -34.991325  -44.290625  518.228625  913.428175    0.800125  263.570175 -127.863250  808.507425   -4.251100  188.887575 -278.607650  817.572675  -10.487775 -115.709300 -121.178675  534.859375  -37.515975 -162.046425  -78.036075  398.946125  -17.073675  -75.107475  -44.232350  260.504475   79.121475  -19.307450  -92.095550  271.150975  178.841125  -52.765750 
-385.898600  455.304500   20.816500  -18.168200  683.821300  932.950400   27.106100  206.764200  452.253100  245.420300   -6.956000  105.746800  -46.728200  -14.933700  -35.790200    1.335900 -155.315500  -43.264100  -80.782200  -10.636200 -145.651100  -15.611000  -66.595100  -21.169600  -53.717300   53.066300  -36.706200    6.251200 -620.441500 -384.212400    5.801300 -184.760000  238.545400   29.107400   -0.227800   -5.095600  518.482400  125.785400  -45.717600  144.810600   38.524100    1.960900 -112.784400   25.891200  -91.001600   10.984500  -77.740100   -2.291200   17.123700  115.574900    6.046300   -3.968500   77.741000  237.425600   49.217100    0.031300 -417.839200 -278.777200   -8.398300 -137.495700    6.478900 -239.922300  -31.899900 -160.540500  357.049100 -137.893000 -113.766300   25.360800   42.027900   76.829100  -73.579700   38.290700  -62.996500  195.493400   65.917100   -2.873400   20.835600  182.238500   82.030800   -0.403700   40.499900  200.636500   43.808400    0.731600 -195.840500  -50.079600  -17.920700  -46.113000    6.116900  -48.898000  -11.310100  -63.221800   88.403600  -18.015400   12.695600  -20.431600  -19.887600  130.322500   52.990800    5.422700  -45.928800  132.312400   54.237600    1.003600    0.765700   76.799400   28.932700    0.735200   16.225800   54.553400   12.208800    3.812600 -107.025100  215.956300   11.194200    0.090200   61.143900  128.342100   18.551700   -3.390300   42.706400   94.311200   42.129400   -2.537000  -64.515800   47.610200   10.717800    0.277800  -24.986600   32.371500    5.409400    0.656300   -0.998800   14.555100    8.567300    0.000000   -5.755000   22.734400    4.248000   -0.222800  -22.854900  237.340800   20.338300    6.343200   72.401700   22.181800    1.714500    2.994200   45.903300   -0.393700   -2.860700   14.748100  -53.097700   -2.337300   -9.937800    0.111600  -10.900000  -44.722200   -7.552000    2.925800    8.052800  -74.062300    4.257300    0.825400  -24.436700  -57.533700   12.861900  -24.212500   66.141500  110.422900   -4.891500   -5.986100   17.529000   13.551900   -2.403800    6.323100   40.608800   73.758900   -0.009700    7.190600   -7.011900   99.572500  -30.915300   -4.528900   22.533900   79.106500   -1.511900   10.892700   55.226200   49.903300   17.764300    8.900400 -132.454400    9.005300   -2.583500   -7.151000 
  -3.036150  -21.632625   10.277875  -11.715050   25.864825   27.106100    9.186775   -4.167200   12.981025    6.859575    1.327250   -0.968800   -0.268800   -1.082675   -1.396800    0.243725  -11.005125   -5.762525   -7.386050   -0.363300  -17.745525  -11.255250   -6.574025   -1.176400  -15.586325   -6.642675   -1.649550   -1.150450   28.895875   -3.932850    5.926075   -8.348750    3.756100   -9.825900    2.308550  -10.710400   -3.217150   -8.266400   -1.537150   -5.247100   -3.533725   -7.127525   -6.757100   -0.776700   -6.089400   -7.782625   -7.930275   -0.363300   -3.664825   -6.002775   -2.817675   -0.607125   -4.341000    0.840400    1.190775   -0.043925   37.449700   14.827700    1.687175    2.196825    1.283225   -0.290075   -1.288475   -6.172625   -3.984975   -9.258250   -3.199825   -7.115300   -4.144525   -1.969975   -5.917925   -1.493075   -2.075375    3.776850   -1.170475   -0.211850    2.021650    3.609625   -2.571550    0.033575    0.447225    8.504125    0.133100    1.293150   10.422375   19.872350   -2.240675    6.590500    3.656475   14.563000   -4.265275    5.032550   -4.042600    9.532650   -2.882100   -0.221900   -2.167150   11.105625    1.403450   -0.646325   -2.440450   14.545350    2.068400    0.097400   -0.185575   12.900850    3.188675    0.844300    2.862200   14.805600    1.944200    1.112150   -9.730275    7.986075    0.236550    0.778050   -0.069275    9.785775    0.522175    3.351675   -6.456150    8.934550    1.688350    1.188250   -3.765950    9.395550    3.141450   -0.233550   -0.916900    7.486625    3.778350   -0.038925   -0.039200    4.139025    1.627575    0.000000   -1.058750    0.208350    1.323250   -0.415200    5.595275    5.642200    3.242825   -2.462450    1.024675    1.839950    3.404875   -2.468450   -6.268425   -5.860175    2.518075   -2.000225   -2.656175  -10.152575    0.813550   -1.478100   -0.156250   -8.229800   -0.529250   -0.562800    0.943950   -4.797575   -0.606175   -0.311400   -3.093425   -2.925175    0.517725   -2.069375   26.735375   19.859225    0.425875    4.513225   -0.637750   19.323975    1.338300    3.006025   -2.744550   17.670725    1.984575   -0.477100   -1.402725    8.065625    0.294175   -4.376975    2.744475    2.972875    1.187275   -1.996325    0.664550    0.365325    1.434325   -1.315150   -8.545850   -1.184175    2.412875   -4.995250 
-146.462800  340.861000   -8.828000  106.681400  117.587400  206.764200   -4.167200  142.911600   58.613800   34.584400   -4.028000   46.631400  -20.178600   -4.042600   -5.639600   -1.526800  -21.514000   10.398200   -0.695600   -0.582600   -4.697800   34.372000    7.425200    1.794200   20.569600   18.317400   -2.402600    6.547600 -350.977000 -111.000200   -7.837600  -18.490000   56.574200   51.510200   -3.639400   80.356200  160.055200   67.714200  -13.059800  102.498800   11.541800    7.358200  -10.266200   17.632600   -1.036800    4.011000   29.170200    1.002400   21.087600   37.610200   38.992400    0.677000   31.528000   56.333800   20.600800    0.757400 -286.191600 -146.865600   -4.633400  -56.918600  -21.827800  -96.815400   -9.040200  -16.959000  132.861800  -42.639000  -30.662400   67.358400   32.119200   -3.728200    6.029400   32.513600   -4.872000    0.458200   53.100800   -2.568200   -5.431200   -1.757000   32.123400   -2.627600   -5.104800    8.877000   10.143200   -3.568200 -145.879000  -67.565800   -0.168600  -27.799000  -26.348800  -75.264000   10.345200  -24.316400   51.457800  -59.764200   15.983800    1.728200   16.295200  -17.290000   33.988400    7.259600   -5.692400  -23.559800   13.659800    0.802800   -5.616400  -24.873800   -3.740400   -0.075400   -5.596600  -27.711800   -4.687600   -1.105200  -76.919800   10.977400   -0.263400   -1.615400   27.387200   -7.554200    9.811600   -2.739400   51.342200  -15.792400   22.116200   -0.146000   -1.913400   -8.525400    9.644400    1.084400   -5.846800   -6.028000   -1.648800    0.632400   -0.032400   -3.655200    0.500400    0.000000    0.885000    4.036200   -2.856000    2.085600  -96.770200   18.103400   -4.466600    7.168600   34.436600  -12.988600   -3.624000    9.841600   58.558400    9.627400    5.806400   23.843800   -4.744600   41.864600   -1.244400   11.186800   -4.815000   21.654400   -1.126000    4.493400   -1.335600   -2.935400    2.765400    1.889200   -7.196600  -14.652600    5.241200    2.180000 -114.043000  -92.360800   -2.012000  -29.277800   10.137000 -124.708800   -0.137400   -2.101200   31.312400 -100.362800   -2.110600   34.973800   -3.366200  -43.460000   -8.374400   26.187800   -6.307800   -5.213000   -7.061200   12.169600   -0.017400   16.618400   -1.018600    7.519200  -12.121200   82.919400    7.702000   21.897000 
-1865.941650 -1497.226375  -38.815875 -336.338550 1111.217575  452.253100   12.981025   58.613800 1806.452775  468.264825   20.319750  225.015200  272.630200   24.755075  -33.617800   40.119475 -267.813875  -92.934275 -151.924550  -10.494300 -386.572275  -67.382750 -121.750775  -24.989400 -203.584075  -13.939925  -71.808050   -4.836950 -1204.702875 -744.327350  -14.193675 -293.171250  347.268100 -300.393900   -6.012950 -241.618400 1399.987350  -10.004400  -29.282650  -16.334100  292.335525  -47.554275 -155.684100   12.414300 -218.047400   29.613625 -106.269525   -6.284300  -80.987575  223.417975  127.150075   13.439125  112.004000  337.573400   95.340025    8.146325 -704.161300 -401.743300  -14.320575 -174.625425   92.958975 -412.445325  -33.516725 -275.541375  891.046775 -234.515750 -145.757575  -56.526300  129.598725  169.256775 -111.682675   36.596675 -138.811625  369.556350  149.906275   -7.681350  -21.697850  336.298375  218.914950   12.608825   81.987975  238.932875   94.170100    3.978650 -349.116375  -21.523150   30.317075  -62.694500   -7.130275   85.618000  102.790475 -103.168950  141.810400  111.968150   -1.544100  -30.144900  -63.067650  255.609375   14.149950   15.845925  -61.931950  211.959850   67.741400   -2.139600    3.109175  103.290350   36.775925    0.180300   17.361200   27.172600    7.263200    3.777650   47.990475  587.091325  216.515050  -10.018450 -127.828525  402.085025  192.824425  -22.806075 -238.926650  176.448050    3.972850  -15.249250 -115.147450   45.629050  -58.892050   -4.287050  -19.579900   12.000375   -9.222150   -0.958675   -1.943200  -12.149225   -1.752175    0.000000  -21.351250  -53.967150  -28.504250   -5.594200  479.549525  673.441200  148.130575   99.986050 -190.468075  149.056450    7.426125   -1.619950 -275.263175   24.602575  -46.926675  -80.645975  -91.678425   18.677175  -20.367950  -47.195100  -15.283750   12.624200  -10.776750   -9.628800  -13.449550   15.617175   -5.383425   -0.619400   12.561825   94.312575   -4.061525  -10.260625  389.946625  690.969975   -2.082875  202.668975 -103.655250  600.567225   -9.590700   84.567775 -152.578050  573.866475  -15.255175 -173.994100  -85.368475  267.064375  -30.913575 -134.145225  -30.857275   90.959125   14.946525  -55.719075   20.573050   -4.631925   40.802075  -11.860650  -58.350350  -84.476425   68.149125  -12.522750 
-549.568950 -305.626625   -8.780125  -83.738650  248.882225  245.420300    6.859575   34.584400  468.264825  203.933975    5.384250   76.607600   99.442600   13.494725   -8.261400   14.251925  -51.894125  -18.284325  -32.751650   -3.360900  -69.498325    2.241750  -23.458825   -7.642200    2.193275   42.904725   -6.907150    4.052150 -400.561125 -194.968050   -2.846525  -83.178750   10.085300  -41.720700   -1.160850  -50.974200  385.168050   41.077800  -10.836950   35.351700  134.278075    9.200675  -49.923300   15.535900  -45.856200    7.648375  -44.550075   -1.340900  -15.157225   64.077425   14.959725    1.104875   46.517000  136.824200   36.566575    1.148475 -247.496900 -122.807900   -4.206225  -54.816775  -58.984575 -124.405475   -8.253675  -92.506625  238.181825  -75.627250  -50.842225  -11.741900   80.559675   55.481825  -66.928525   25.295525  -29.152375  117.440050   15.880325   -0.140050    3.740450  109.332625   53.171850    4.195975   26.097425   95.931125   29.736300    0.929950 -116.896625  -12.078450    3.650725  -20.823500  -28.782325    8.149000   18.199925  -42.193850   42.635200    9.388450   -9.688300  -17.743700    8.153050   62.920625  -15.198150    5.603275  -12.227850   70.170550   18.098200   -0.039800    4.008025   36.152050   13.458275    0.653900    5.530600   13.993800    2.801600    1.646950  -14.140075  149.223475   33.723150   -0.927350  -14.277075   97.636575   25.188775   -5.802725  -33.258950   53.392150    1.934550   -2.632750  -22.524350   22.345150   -9.909150    0.105850   -5.573700   12.198625   -0.700450    0.063475   -0.631600    1.828825    0.812975    0.000000   -5.133750   -6.615450   -6.247750   -2.074600   60.265075  158.410600   21.996225   23.251150  -19.938725   31.536350   -6.944125    7.133150  -38.600025   15.217225  -10.455525   -7.086425  -23.230775   15.747025   -3.690850   -6.226300   -3.616250    6.574600   -2.095250   -0.134400   -0.316650    3.852025   -2.420775    0.747800   12.684975   22.382225   -1.696075   -6.549375   59.302375  103.463425   -1.821125   20.335425   -1.100750   77.175175   -2.944100    6.349825   -8.317150   84.607925   -3.301025  -28.103300  -13.823925   48.435625  -12.465225  -19.309175    1.051675   22.504875    1.131075   -6.281725   21.057150   10.838725    3.885725   -1.030950  -20.072050  -22.279775    1.049875   -3.423250 
 -23.323500  -26.998750   -0.528750   -5.049500   -5.468250   -6.956000    1.327250   -4.028000   20.319750    5.384250    4.337500    1.088000   17.553000    3.616750    5.748000    2.297750    4.176250    4.665250    2.715500    0.303000   -2.874750    0.977500    0.815250   -0.296000   -3.781750   -2.743250   -1.309500   -0.465500   -9.098750   -7.276500    0.084250   -2.152500   -2.301000   -4.151000    0.969500   -3.621000   12.861500    2.194000    5.661500   -2.859000    8.467250    1.700250    6.426000   -0.323000   -0.771000   -3.413750   -0.942250   -0.147000   -1.511750   -6.807250   -2.063250   -0.083750   -2.510000   -7.004000   -2.362750   -0.195750   -4.112000   -2.167000    0.653250   -1.088250    3.267750   -2.964250    3.109750   -3.513750    8.139750   -3.127500    2.603250   -3.592000    1.390250   -1.550250   -4.280750   -0.704250   -0.916250   -1.653500   -5.910250   -0.241500   -0.906500   -2.991250   -2.904500    0.999250   -1.327250   -3.936250   -1.981000    0.418500    1.406250    4.186500    3.361750   -0.310000    4.275250    0.295000    0.802750   -1.740500    1.706000   -3.526500   -5.489000   -1.671000    0.471500   -0.131250   -4.884500   -0.461750   -0.945500    2.326500   -2.224000   -0.084000   -0.269250    2.231500   -0.211750    0.107000    0.263000    1.719000    0.003000    0.333500    7.837750    4.154250    2.399500    0.104500   -0.352250    1.297250   -1.026750   -0.361750   -2.838500    2.499500   -2.913500   -0.297500   -1.190500    1.819500   -1.889500   -0.094500   -0.371000   -0.156250   -0.278500   -0.015750   -0.028000    0.349750   -0.135750    0.000000    0.227500   -0.498500   -0.337500   -0.168000    7.067250    6.538000    0.191750    2.434500   -2.561750    4.805500   -0.258750    1.174500   -5.565750    3.726750   -1.100750   -0.592750   -1.643250    2.735750   -0.590500   -0.499000   -0.257500    2.933000   -0.612500   -0.252000   -0.259500    2.330750   -0.433250   -0.126000    3.714250    4.306750    1.282750   -1.181250    2.481250    2.927750   -0.183750    1.297750   -0.877500    4.330250   -0.203000    1.794750   -3.299500    3.382750   -0.250750   -0.359000   -2.157750    2.263750   -1.076750   -2.490250   -1.154750    1.036250   -2.152750   -1.291750   -1.355500   -0.518250   -0.448250   -0.738500    4.438500   -1.333250    5.646250   -2.747500 
-287.751200 -114.626000   -7.512000  -24.644400  105.134600  105.746800   -0.968800   46.631400  225.015200   76.607600    1.088000   57.475600   38.770600    4.344600   -2.978400    5.512800  -15.361000    1.277800   -3.252400   -1.580400  -16.646200   21.428000    2.765800   -1.483200    2.853400   16.019600   -0.465400    2.100400 -250.968000  -99.120800   -3.650400  -36.980000  -15.378200   -7.444200   -1.417600   -4.225200  213.165800   30.721800   -4.589200   40.485200   61.187200   11.087800  -11.814800   10.875400  -13.232200    6.754000   13.225800   -0.710400   -0.639600   28.250800   29.764600    3.113000    8.487000   31.325200    7.593200    1.484600 -168.226400  -77.612400   -2.738600  -32.239400  -50.901200  -75.136600   -1.425800  -44.316000  129.872200  -38.051000  -15.619600    9.453600   40.271800   25.862200   -5.782400   17.194400  -13.588000   31.417800   29.003200   -0.767800   -5.699800   18.312000   20.863600    1.334600    1.380800   11.973000    3.952800   -1.037800  -82.541000  -18.163200    6.915600  -14.311000  -26.320200  -12.256000   25.450800  -24.980600   24.381200  -13.141800   14.115200  -10.062200    4.185800    5.565000   -2.171400    4.053400   -6.744600   -2.449200   -2.660800    0.226200   -1.310600   -6.955200   -3.341600   -0.176600   -1.476400  -11.532200   -1.915400   -0.330800  -11.864200   62.754600   27.036400   -1.071600   -1.786200   32.438200   22.521400   -4.662600   -7.501200    0.450400   -0.190200   -1.439000  -11.918600   -4.791600  -11.827400    0.777600   -2.897200   -3.457000   -4.645200    0.394600   -0.269600   -2.540800   -0.698400    0.000000   -1.035000    0.174800   -2.819000   -0.367600   17.544200   66.438600   12.103600   17.404400  -13.648600    8.660600   -6.696000    8.366400  -12.296400    2.939600   -6.729400    1.940200   -9.893400   17.753400   -3.152600   -0.477800   -1.350000   10.572600   -0.039000    1.323600   -0.337400    8.813400    1.451600    1.146800    1.973600   17.004600    0.764800    0.395000  -16.452000   17.361800   -1.883000   12.308800   -5.837000    7.764800   -2.099600    8.530200   -1.045400   13.098800   -2.712400   -6.319800   -7.049800    8.540000   -6.302600   -4.958800    0.468800    1.183000    1.635200   -1.156600    8.905400   -4.761400    4.545600    0.816800   -5.244800    8.117600    3.208000    7.608000 
-474.536200 -339.376000   -8.077000  -52.634400  -75.840400  -46.728200   -0.268800  -20.178600  272.630200   99.442600   17.553000   38.770600  215.925600   32.874600   40.746600   19.822800  139.209000   45.672800   45.232600    4.789600   27.583800    8.288000   -9.894200    0.936800  -67.791600  -51.075400  -30.405400   -2.819600 -241.973000  -33.065800   -4.960400   -6.480000  -95.378200  -20.019200    0.417400  -20.615200  200.140800   15.956800   26.835800   -7.479800  179.307200   -3.047200   39.150200    3.305400   38.707800  -39.446000  -15.214200   -1.240400  -22.774600  -43.829200  -36.535400    1.928000  -13.288000   -5.889800  -13.566800   -1.055400 -165.316400  -29.527400   -0.178600  -10.904400  -65.746200  -17.856600   13.344200  -30.061000  130.557200  -29.531000    8.855400  -19.776400  100.631800  -18.687800  -34.137400    3.259400   13.402000    1.682800  -43.626800   -0.782800  -15.914800   -0.123000  -14.681400    7.829600   -7.349200  -12.337000   -2.632200    0.547200  -72.371000    6.136800   25.030600  -14.096000  -26.735200   -2.666000   29.590800  -26.235600   28.756200  -46.641800  -11.954800  -14.937200   37.400800  -19.890000  -37.596400   -1.131600   10.220400   -0.344200  -22.135800   -0.658800   -4.525600    3.029800   -6.106600    0.668400   -1.466400   -8.562200   -2.225400    0.559200   25.210800   39.339600   25.841400    1.303400  -20.121200    7.373200    4.666400   -5.237600  -11.266200   -4.664600  -22.715200   -0.724000   22.786400  -11.076600  -13.927400    1.227600    9.732800   -9.237000   -4.520200    0.309600    0.270400    4.144200    0.866600    0.000000   10.895000   26.584800    3.151000    0.152400   14.629200   51.728600    4.538600   28.184400  -46.748600    4.070600  -13.141000   12.381400  -21.896400   21.919600  -12.754400   -4.224800   19.546600   44.853400   -1.087600    0.057200    9.595000   52.762600    4.126000    2.093600    1.587600   49.238400    5.936600    0.991800   39.193600   52.609600   12.514800   -0.980000  -14.072000  -17.468200   -1.778000    5.843800  -13.797000  -10.850200   -2.849600    0.505200   -5.935400  -19.006200   -3.367400  -22.899800   10.605200  -34.765000   -3.822600  -11.358800   11.808800  -36.037000   -2.344800   -6.316600   15.315400  -44.556400  -11.144400    4.641800   11.245200  -38.807400    2.633000   -7.682000 
 -30.145450  -53.792875   -4.231375   -9.234150  -11.579525  -14.933700   -1.082675   -4.042600   24.755075   13.494725    3.616750    4.344600   32.874600   19.032975   18.890600    2.244175   27.649625   41.045425   17.642850    0.731100    3.836425   23.994250    0.500925   -0.831200   -1.334975    4.662975   -4.492650    0.637650  -16.082375  -18.566550   -1.590775   -3.741250  -15.708700   -4.799700    1.999650   -6.888200   16.231550   20.893800   21.326550   -3.989300   30.470825   30.650425   41.255700    0.163900    4.639800   11.307125    1.487175    0.761100   -6.460475  -16.185325  -18.452025    0.078625   -9.543000  -17.666800   -9.205675   -1.195775  -11.609900   -1.385900    3.395525   -1.153525  -11.762325    8.853775   19.346575   -9.007875    0.072075    8.315250   29.389525  -14.429900    9.339425  -11.727925   -8.122775   -2.605225   -5.006125  -27.781450  -33.874425   -0.708550   -5.888050  -30.961125  -21.358650    0.191725   -5.915325  -21.502625   -7.392700   -0.878550   18.007125   21.270050   19.418975   -2.358500    3.702425    2.884000   19.987175   -8.823350   -9.755800  -26.785050   -9.704300   -8.482700   -7.088450  -32.848125  -33.038650   -2.249975   -3.917350  -21.015950  -20.472800   -0.325800   -1.282725   -9.059450   -5.599975   -0.133100   -0.927400   -5.540200   -1.376400   -0.091550   66.017175   10.649225    8.518650    0.478150    3.970175  -15.375675  -11.944475   -1.360975  -15.380450  -20.892350  -24.531950   -0.740250   -5.398850  -11.969350  -13.524650   -0.074650   -0.157700   -2.670125   -2.861950    0.019225   -0.083600    1.509075   -0.431275    0.000000    0.428750    4.393050   -1.400250    0.383400   47.462825    0.887600   -5.915525    8.556650  -13.841975   -1.319150   -9.515375    3.363650  -17.504275    9.060475   -7.289775   -2.818675   -2.257525   17.046275   -1.080350   -1.272300    0.826250   17.171600    1.477250    0.122600    0.522850   19.091275    1.177475    0.158800   20.570725   31.665475    3.706175   -1.013125   21.586125   18.940675   -0.732375    5.942675   -3.353250   28.069925   -1.041100   -2.529925   -9.237650   15.735175   -1.180275  -13.084300   -3.076175    0.226875   -1.048475  -10.853925   -0.403575  -10.816375    0.168825   -4.259975    4.282650  -20.048025    0.633975    0.012550   14.884450  -21.831525    2.793625   -5.815750 
 -72.133200  -32.361000   -1.917000   -1.698400  -77.289400  -35.790200   -1.396800   -5.639600  -33.617800   -8.261400    5.748000   -2.978400   40.746600   18.890600   43.827600    0.440800  102.889000   62.285800   71.938600    5.670600   62.251800   34.183000   17.388800    3.054800  -17.152600  -21.259400  -11.264400   -0.895600  -13.748000   31.701200   -1.569400   22.215000  -46.370200   11.328800    3.091400   12.232800  -23.766200   27.544800   33.338800   -1.577800   35.754200   25.645800   81.667200   -1.625600   32.795800  -13.711000   25.993800   -0.139400   -5.330600  -51.806200  -32.059400   -0.827000  -25.513000  -55.427800  -23.654800   -2.034400  -16.525400    7.243600    4.045400    7.091600  -20.173200   23.387400   27.286200    7.894000  -20.760800    8.524000   50.279400  -11.805400   20.289800  -41.040800    8.903600   -6.396600    1.137000  -73.359200  -56.769800   -1.590800  -10.947800  -67.008000  -44.605400   -0.624400  -12.346200  -41.912000  -15.834200   -1.330800   17.254000   11.494800   18.256600   -3.141000    5.727800   -8.721000   21.073800   -6.996600    5.633200  -47.774800   -2.162800   -7.309200    3.233800  -65.145000  -40.790400   -2.737600   -5.140600  -44.916200  -34.108800   -0.556800   -2.821600  -18.062200  -10.372600   -0.327600   -1.280400   -5.884200   -1.789400   -0.118800   56.903800  -18.259400    0.960400    0.432400   21.506800  -38.249800  -16.554600   -1.943600    6.466800  -35.880600  -25.257200    1.091000   -1.719600  -18.722600  -14.256400    1.388600   -0.789200   -3.287000   -3.892200    0.135600    0.334400    9.081200    2.557600    0.000000   12.465000   32.057800    7.231000    1.891400   24.946200  -30.500400  -10.870400    5.433400    2.670400  -17.378400  -12.001000    2.245400    2.524600    7.670600   -5.978400    0.247200    0.267600   29.167400    0.596400    0.194200    3.385000   35.728600    5.151000    0.484600    4.393600   36.082400   10.207600    0.564800   39.859600   53.260600   15.857800    3.650000    5.928000  -24.115200   -1.098000   -4.763200    5.078000   -6.242200   -1.315600   -8.057800    3.590600  -17.143200    0.773600   -7.657800    0.787200  -21.350000    3.891400   -9.591800    8.141800  -39.007000    3.697200   -5.797600   17.754400  -59.515400    1.591600   -0.780200    4.157200  -85.461400   -0.747000   -5.722000 
 -42.466850  -28.369875   -1.045375   -6.150950    0.276675    1.335900    0.243725   -1.526800   40.119475   14.251925    2.297750    5.512800   19.822800    2.244175    0.440800    3.165775   -0.862375   -1.647975   -1.509950   -0.182700   -3.289975   -0.454750   -1.116475   -0.401600   -4.865175   -2.975825   -2.256450   -0.173550  -28.623375  -12.979150   -0.454575   -4.736250   -6.639100   -4.442100   -0.057550   -4.642600   28.004150    1.963400    0.869150    0.195100   16.094225   -0.172975   -2.134900    1.207700   -1.788600   -1.219875   -2.745225   -0.052700   -1.941675    0.777275    0.199175    0.079625    1.636000    4.707600    0.694725   -0.099575  -18.045700   -8.113700   -0.363675   -3.210325   -6.203725   -8.811425   -0.431025   -6.404875   16.400475   -6.021750   -1.811675   -2.645700    7.509025    3.745475   -3.600575    1.451575   -1.757125    9.250150   -0.169025    0.029850   -0.868650    7.127875    2.750550    1.062925    0.427275    2.258375    0.778900    0.179850   -9.339875    0.619650    2.062175   -1.435500   -2.626975    0.897000    2.519775   -3.021550    2.165600   -0.299650    0.690100   -1.671100    0.974150    3.806875   -1.029450    0.074825   -1.093550    4.991650    0.244600   -0.019400   -0.075925    2.336150    0.344825    0.121700   -0.048200   -0.718600   -0.145200    0.100850    0.339775    7.675425    4.144450    0.107950   -2.866225    5.859725    2.861325   -0.478175   -2.431850    2.616450   -0.106350   -0.173250   -1.368050    0.705450   -1.212450    0.047550   -0.396100   -0.654125   -0.336350    0.020425   -0.034800   -0.633525   -0.251075    0.000000   -0.551250   -1.346350   -0.718250   -0.138800    2.840225   10.371800    1.648675    3.648450   -4.526175    4.089050   -0.537375    1.824450   -3.790075    2.656675   -1.096575   -0.034275   -1.387325    2.181075   -0.437550   -0.228900   -0.213750    1.658800   -0.375750    0.026800   -0.319950    1.656075   -0.462325    0.043400    1.129925    2.521675   -0.403225   -0.473125   -1.537875    1.075275   -0.168375    2.261275   -0.802250    2.055525   -0.222300    1.989475   -1.016450    2.903775   -0.428075   -0.979900   -1.411775    2.161875   -1.195675   -1.622525   -0.004975    1.779625   -1.386775   -0.690175    0.146450    1.586175   -1.092825   -0.347850    2.788850    4.585675    1.939625   -1.119750 
