 647.161600 1138.111100   37.541300  170.786200  114.743600  950.298700   33.495700  167.793800 -251.812700  143.980400   21.648900 -206.277400 -185.140100 -125.850100   11.342900 -289.768900  -18.941700  -79.855200    1.712800  -80.926100  -13.841500  -63.995500   -0.724800  -10.759400    1.619000  -26.287100   -1.625800    1.706500   29.562600  122.192100    1.040200   17.876100   41.165100  226.823800    6.348100   43.282800   17.078300  224.487400    9.575900   29.283000  -16.619200  139.591800   16.181100  -29.861900   14.337500   54.573400   13.442000  -21.245900   -8.548600   31.004900    0.778000    6.842700   59.792800   21.798800    0.684200   10.655600   11.614100  -90.375100   -0.486200    0.350200    6.817500  -54.005400    8.119700   -0.758000   11.018200  -61.552900   -2.273900   -2.403000    1.416200  -76.765000   -8.823300   -7.540300    7.871700 -100.950100   -3.510800   -8.831600   11.220600  -23.268700   -4.043300    0.301600  112.758500   27.946900    7.757200   15.178000   28.267200 -225.188300  -43.231500  -11.555800   28.685700 -101.497600   -2.911300    1.488000   12.104800  -82.083400  -10.575800   -0.571600   -8.202900  -83.074200   -5.212200   -4.594300  -20.604700  -65.534000   -7.380100   -9.710800  -28.736600  -65.537300  -13.705800  -12.038700  106.603500   -2.767100   -1.832300   -9.414900    9.714800   -5.944300   -5.743400   -9.530300    7.329200   41.667900   16.957100    3.383800    5.350300   28.683500   11.602800    0.922200  -11.846900   19.380400   -0.001000   -0.369500  -39.312600   26.121600   -7.538600    4.809400   -2.994200   17.636300    7.301200    9.213500   25.283600   33.481600   17.368500   -2.322900    0.333200    4.014300    0.949300    0.000000   -0.591200    4.208000    0.739200    0.000000    2.069800   16.210800    3.810000    0.072200  -19.861600   26.607100    3.217700    0.072200  -38.634600   34.398500    7.455300    0.000000   18.628400   33.714300    1.632100    0.000000   14.718600    0.408100    1.251400    1.745700    1.316300  -27.129100    2.660700   -4.187100   18.541600   17.099900   22.001000   -2.659700   -1.212700  -80.466500    5.367900   -1.227700  -33.857600 -134.240800  -20.256100   -6.584100  -37.451900  -12.496800  -37.869100   -2.266200   27.705300   14.183800  -38.294000    2.575900   87.241700   27.019300   -3.255500    1.584900 
1138.111100 4710.589975  176.340425  516.781450 -153.099400 2924.082075  132.017825  262.463550 -586.178575  598.280900  114.506275 -626.190400 -427.755225 -167.750225   52.660275 -756.851275  -50.550075  -25.454200    5.673800 -204.029975  -12.545875  -33.267375   -3.640800   -5.353650   47.689000   46.397775   -3.685550   34.459625   70.293350  338.164725    6.567950   34.626225   33.953975  517.493550   16.148225   71.913800  -37.596325  436.045400   22.812025   32.861750 -100.015700  193.405300   21.326225  -87.291775  -45.109375   63.150150   -0.300500  -65.399525  -41.490600   37.151025   -5.817000   -6.667675  312.757550   91.578550    1.729450   35.557600   21.251725 -208.633975  -10.023950   -3.672050    6.751875    7.894100  -22.389425    4.699500    5.610950 -101.845275  -62.452525    1.363250    6.935200 -186.083750   -5.703675  -22.838175   -1.001175 -155.812725  -23.665550  -36.114850   56.057600   63.900425  -22.148675  -22.313900  509.200375  180.299275   27.179950   56.759250    1.119950 -1004.311175 -195.082125  -30.028050   70.962825 -404.892100 -121.221675    9.864250   21.742050 -377.041400  -78.160550    4.243900  -18.595275 -453.859450   -8.633700  -18.844675  -46.721825 -396.540250  -13.145225  -54.401800   -0.952350 -358.847675  -24.278050  -96.943325  464.900375 -197.664725   22.937325  -83.852275   -3.729200 -229.155925  -53.927650  -21.456925   18.116950   41.879025   17.384725    6.884800   12.451925   48.732875   22.502550    1.844950  -25.291775   43.465900    5.180250   -0.837625  -53.243350   84.456100   -1.709350    4.273650   75.449300   53.741675    9.575200   -4.380875  -42.931900  103.603600   28.957875  -69.572775    2.429700   19.095925    4.792175    0.000000   -1.340200   17.240500    9.053200    0.000000   -1.686700   83.574300   30.038750   -0.175050  -54.912350  135.170975   44.526075   -0.175050  -60.470350   86.054125   14.904425    0.000000   86.186400  -21.306575  -69.801525    0.000000   39.994350 -142.120525  -73.261850    7.861575   17.850425  187.548275   47.182825  -11.349725   64.083600  270.038525  130.394750  -11.405575  -64.638575 -110.752125   84.070275  -16.307325  -77.662100 -476.566800 -175.654975  -23.187975 -108.251775 -287.764050 -214.359225    6.233550   81.993175  -26.517700 -162.195250   22.632025  405.867575   94.575925  -21.519875    9.742275 
  37.541300  176.340425   21.432775   12.185350  -11.775200  119.824725   17.981975   -3.420350  -21.074225   47.534700   16.973325  -35.723200   -9.306175   37.443825   10.895325  -33.763325    4.566275   33.046400    2.585400   -7.500425    2.699875    4.895375   -0.076400    1.102050    4.322000    6.052825   -0.155650    2.416375    7.943050   34.189675    2.734850    0.964175    0.782425   31.329650    4.180175    1.335400   -4.467475   13.468200    2.390575    0.850250   -8.458100    1.754900    0.934175   -3.039825   -4.410625   -5.477550    0.348500   -3.283075   -0.954800    4.767575    0.209000   -0.259525   24.966650   14.414650    0.039350    5.705800    0.985675  -30.277425   -5.012850   -0.045150    1.123125  -14.164700   -7.349775    0.468500   -0.556150  -23.930325   -6.302075    0.329750   -0.798400  -25.631250   -3.247525   -0.446025   -1.450025  -25.383675   -2.505650   -5.007550   -0.949200  -17.147225   -0.977525   -7.948700   35.063625   -7.982675    1.850850   -3.662250   -3.784150  -58.380025   -9.118875   -1.723150    1.836975  -10.619300  -10.111525    0.907750    0.175150   -5.271200   -3.730650    0.288700   -0.785325   -6.544350    0.867900   -0.255525   -1.363975   -0.715750   -0.661175   -0.304400    1.074950   -7.009525   -1.178150   -3.823475    5.653625   -7.634675    4.115475   -8.166325   -0.373600    3.805725    1.630050   -1.167275    0.121850    6.941575    1.234675    0.028400    0.377275    6.381125    0.956650   -0.014150   -0.984825    3.444700    0.780750   -0.035375   -1.908050    5.626300    1.313950    0.787950    6.956900    5.921525    3.371600    1.609875  -15.902700    8.248800   -0.538875    0.597175    0.275100    1.864275    0.418025    0.000000   -0.056600    0.201500    0.315600    0.000000   -0.321100    1.456900    0.926250   -0.014150   -2.405050    2.768425    2.736725   -0.014150   -1.089050    1.994875    3.394775    0.000000    7.566200   -2.548225   -4.349075    0.000000   -1.853950  -10.966075   -4.848550    0.338225   -1.242225    6.574325    1.686975   -0.629675   -0.911200  -11.579925   -0.450750   -0.870225   -2.284225  -29.313875    6.135325   -1.365475    4.435700  -33.649400   -0.705425   -1.029425   -0.279825   -8.071150  -11.848175    0.434650    6.801025   -4.434100   -8.390750    0.585575   14.786225    1.944275   -0.697125    0.476325 
 170.786200  516.781450   12.185350  121.455900   -9.989800  309.019650    0.951150  123.974100  -88.192650  -57.092200   -1.188950  -41.881800  -71.221950 -186.396950   -4.430950 -100.226050  -28.835650 -109.781400   -2.990400  -32.506450  -12.729250  -49.122250   -0.623600   -7.548300   -4.572000  -21.670950   -0.518100   -2.568250    2.445700   17.645950   -1.931100    8.558950    9.789450   71.324100   -0.917050   22.579600    5.401850   90.111800    3.792550   25.628500   -3.994400   51.882600    4.063950    1.882950   -4.251250    2.476300    0.519000   -7.017550   -6.775200   -7.914450   -0.014000    0.030150   -3.667900   -8.230900    0.251900   -3.865800   -5.755050  -58.834450   -2.120900   -1.571100    0.806250  -39.347800   -0.528350   -0.191000    2.214900  -37.749050   13.586450   -0.153500    2.123400  -13.917500   15.518150   -2.570850    0.338150    7.328050    6.826900    3.996300    0.744200   26.245350   -0.766850   11.851200    3.123250   24.822050    1.177900   13.663500   -0.107100  -73.061850   -3.556750   -3.073100   14.421150  -33.753200   16.502150    0.488500    6.756100  -22.828800   24.861900    0.058800   -2.614050  -31.046900   20.114600   -3.153850   -9.164150  -31.290500    3.803050   -3.570600  -14.048700  -19.989850   -4.778100    4.417850   36.068250    1.924050   -4.674850    6.041950    8.443600   58.633650    8.953700   -2.008350    5.791900   36.876550   19.145950    1.946600    3.503350   16.773250   11.517100    0.562900   -3.907050    5.902800    0.660500   -0.117750  -16.020700   -1.373800   -5.782700   -0.011700   -3.219400   -5.247150   -1.331600    0.370750   15.965200    8.181200    9.623250    0.815950    0.737400    4.716350    0.793850    0.000000   -0.188400   -0.679000   -0.115600    0.000000   -0.801400    1.560600   -1.487500   -0.047100   -7.893700   -1.161550   -8.007350   -0.047100  -17.214700  -11.864250    0.163350    0.000000    4.083800   -6.343650    9.098450    0.000000   13.627700   -2.099550    8.777300    2.148650    4.785350  -25.519950   -2.903850   -1.075950   17.001200   -7.484450   -6.345500    0.673350    0.037350  -19.456750  -22.645950    1.534850  -18.118200  -50.990600  -13.886450   -1.267450  -12.497050  -44.570100    9.785050    0.349100   11.345850   -9.763400    0.509500    3.597550   54.570650   14.151350    1.797750    2.218050 
 114.743600 -153.099400  -11.775200   -9.989800  427.595600  150.685200   -6.972800   96.294800  145.885800   36.408400  -23.445600   40.974600 -126.534600 -253.234600  -27.876600 -164.049400  -66.458200 -167.854200   -9.781200  -65.915600  -18.934000  -43.068000   -1.110800  -10.562400   -1.706000  -11.111600    1.553200   -4.026000    1.839600  -12.283400   -0.215800    1.115600   36.899600   11.769800   -0.442400   24.373800   95.951800   91.395400    7.406400   47.018000   24.931800   95.147800   19.890600   -2.267400   -8.835000   59.841400   11.907000  -17.601400   -4.645600   86.520400    2.488000   10.179200   24.338800   68.094800    1.228200   21.092600    6.718600 -127.644600  -22.425200   -2.370800    6.410000 -117.713400   -8.378800   -0.293000    8.657200 -129.688400   29.885600    0.172000   -0.589800 -106.870000   37.933200  -15.073800   -4.406800  -77.584600   34.473200  -27.738600   -6.502400  -13.800200    3.113200   -8.321400  108.396000   46.687400    2.461200   36.093000   21.456200   -1.426800   19.636000   -8.271800    6.552200   32.280400   41.645200   -0.477000   -1.724200   34.543600   34.168200    1.606400   -9.063400   12.556800   16.778800  -12.297800  -26.956200  -14.944000   11.645400  -28.906800  -32.528600  -49.640800    3.168200  -16.905200  111.736000   11.403400   21.819200  -23.155400   24.230800  219.612200   41.073600   -2.653800    3.758200   57.608400   29.311600   -0.210200   -0.291200   23.291000    9.733800   -0.048800  -10.097400   13.343400    3.469000   -0.647000  -44.674600    1.303600    4.554400   -0.212600  -25.048200  -10.160200    4.170200    4.831000   83.325600   20.783600    5.761000    2.996600   -0.972800    0.537800   -0.212200    0.000000   -0.715200    0.363000    0.138200    0.000000    2.490800   -8.748200    0.295000    0.021200  -18.188600  -29.648400  -14.135800    0.021200  -31.656600  -50.459000  -32.461200    0.000000   43.791400   -6.197200   -5.723400    0.000000   81.900600   12.507600   -5.155600    0.282200   -9.735200  -59.868600   -3.152800   -5.656600   -2.241400  -95.204600  -15.929000    1.783800  -13.204200 -102.064000  -43.911600    2.805800  -33.019600  -67.006800  -73.870600   -2.648600   54.972600   58.062200  -13.648600    0.409800   72.318800   78.284800   24.041000   -0.048600   34.998200   40.087800   12.257000   -0.354600 
 950.298700 2924.082075  119.824725  309.019650  150.685200 4101.617775  158.845525  426.755350 -916.698275 2143.610300  173.629175 -588.481800 -578.536325  394.483675  110.082175 -1006.734175  -49.103775  143.578600   14.669600 -295.197075  -16.197375  -22.707875   -4.148600  -35.537050   -1.117000  -14.560325    0.780650    4.146125   38.186950  189.142825    7.490150   11.103325    8.040075  396.390350   16.352325   29.244600 -100.780025  460.126800   20.166925  -15.580250 -167.201900  255.920100   27.548325 -156.502675  -94.371875  117.962550   13.571500 -117.204425  -64.835200  151.919925   -2.149000   -4.402975  149.733350  174.565350    2.200650   42.839200   25.411825   29.364925   37.967850   -8.659850    8.279375  179.729700   33.747275    2.191500   -0.683850   88.192825   -6.900425   -8.239750  -23.536600    7.951250  -11.714975  -65.796475  -13.382475   73.411175  -23.009350  -75.192450   57.649200  146.449725  -21.909975   46.758700  347.088875  164.025175   22.569150  158.672250   33.829150 -213.032475  -61.318625  -39.151850   16.020525 -102.420700  -48.115975    3.722250    2.144850 -228.283800  -97.764350   -1.158700  -40.772175 -322.615650  -40.912900  -49.851975 -120.028525 -302.619250  -14.761325  -88.615600   59.590050 -343.082975  -21.221850  -40.909025  398.998875 -223.237825   49.092025  -42.601175   12.528600  -38.793225  -42.580050  -25.570225   -4.546850   46.390925   -2.822175    0.731600    1.745225   54.961375    5.513350    0.139150  -54.727675   61.800300    2.674250   -1.877125 -157.086950  111.898700   11.201050    2.912050  120.918100  131.685975   78.133400    4.052625  -80.017300  110.106200   74.781375  -68.674675   -2.025100    2.323225    2.444475    0.000000   -2.683400   21.618500   10.754400    0.000000    2.411100   78.043100   37.658750    0.619150  -88.389950  157.354075   64.405775    0.619150 -120.550950  177.772625   86.817725    0.000000   65.623800   53.930725   12.246575    0.000000  -52.031050 -147.601425 -102.181450    4.489275   16.769725   64.753175   33.775525  -18.637825   75.461200  227.347425  132.980750  -11.707275  -33.728275  123.761375  204.572175    8.597975 -158.565700 -152.350600  -70.947075  -12.863075 -138.562675 -174.483850 -237.649325    1.160350   32.831475  -59.545900 -164.529250    8.096925  217.106275   17.633225  -50.190375    3.371175 
  33.495700  132.017825   17.981975    0.951150   -6.972800  158.845525   45.440775  -18.161150  -40.946025  108.648300   43.940925  -57.869800  -10.349575   99.555425   22.063925  -48.190925   19.288475   68.874600    4.690600  -11.932825   10.308875   12.938375    0.220400    2.332450    8.633000   13.426425   -0.122850    4.557375   16.321450   49.191075    5.891650   -0.288425    6.750825   45.358850    9.250575   -1.329400   -5.045275   15.294800    4.236175   -3.107750   -7.495900  -15.853900    1.496575   -7.034425   -7.150625   -9.976950    4.271500   -8.168675    0.472800   13.064175    1.011000    1.372275   41.536850   23.823850    0.082150   13.691200    7.280075  -34.090825   -4.728650    0.231650    3.153125  -25.573300   -4.449975    0.186500   -0.042350  -31.713925   -5.429675   -0.287250   -0.977600  -34.356250    3.215275   -2.846225   -2.277225  -29.262075    2.852150   -8.796950    2.106200  -18.323025    0.420275   -7.149300   68.937625   -0.018075    3.710650    3.909750   -2.974350  -69.722225   -3.339875   -1.385350    0.270775  -18.477700   -6.895725    0.819750   -0.461650  -19.356800    0.512150   -0.245700   -1.448925  -20.492150    1.473100   -1.891725   -4.628775  -21.851750    0.105425   -4.546600    8.205550  -26.977725   -0.975350   -9.444275   39.302625  -24.156075    8.942275  -18.867925   -4.150400    5.934525    5.059450   -0.557475   -1.175350    3.635175    1.786075    0.012600   -0.337525    3.060125    0.496850   -0.029350   -1.989425    0.448300    0.301750   -0.073375   -4.456450    5.250700    2.401550    0.247550   13.484100    5.265725   11.382400   -0.461125  -26.440300    9.758200    4.840125   -7.586425   -0.176100   -0.824525   -0.090775    0.000000   -0.117400    0.133500   -0.031600    0.000000   -0.602900    2.359100    1.386250   -0.029350   -4.109450    5.894825    8.833525   -0.029350   -3.785450    5.148875   16.829975    0.000000    0.416800   -6.322025    6.327325    0.000000  -18.141550  -17.440675   -9.475950   -0.092975   -2.988025    6.324925    0.595775   -1.306075    0.553200    0.756675    3.158250   -1.305025   -1.606025  -15.479875   21.223925   -1.372275   -0.522700  -41.786600   12.582175   -0.333825   -8.559425  -26.537350   -5.907575    1.273850   -1.943775  -18.459900   -7.531750    0.261175    2.414025   -8.799525   -2.304125    0.272925 
 167.793800  262.463550   -3.420350  123.974100   96.294800  426.755350  -18.161150  442.275900 -205.702350  -95.272800  -37.921050  256.671800 -213.033050 -551.428050  -34.454050 -143.278950 -113.514350 -393.268600  -10.514600  -82.428550  -52.205750 -160.437750   -1.371400  -23.791700  -21.508000  -74.094050   -1.731900   -8.996750  -17.160700  -38.665950   -6.473900    6.441050   -4.394450   23.895900   -8.252950   37.245400   11.918150  148.128200   -0.697550   78.206500   22.969400  115.537400    5.316050   28.682050  -21.553750  -40.761300    1.861000  -16.652450  -26.624800  -59.630550    0.304000   -5.535150  -54.182100  -42.639100    0.018100  -11.914200  -30.029950  -95.235550   11.965900   -5.858900   -7.266250  -56.277200   22.118350   -1.324000   -0.384900  -18.065950   47.283550   -1.131500    0.041600   53.702500   12.401850   -4.219150  -10.953150   65.436950    5.623100   29.403700  -13.684200   19.724650    2.511850   54.593800 -108.263250  -24.707050   -1.692900   18.196500   -4.772900   38.471850   80.376750   -4.286900    6.398850   23.828200   86.197850   -1.543500    0.408900   13.453800   55.933100   -1.043800  -10.130950   12.741900   24.880400   -7.191150  -38.600850   24.565500    3.876950   13.020600  -70.036300   52.914850    0.433100   72.677150  -73.398250  116.485950   -6.680150   72.183050   23.201400  208.346350   48.416300    2.673350    6.618100   66.803450   36.499050    0.808400    2.561650   26.551750   13.422900    0.257100  -13.337950    8.752200   -0.435500   -0.457250  -60.029300  -15.231200  -11.112300   -0.288300  -82.470600   -9.062850   13.301600   10.139250   35.819800   63.648800   46.631750   38.144050    0.082600    4.503650    1.126150    0.000000   -0.731600   -0.566000    0.590600    0.000000   -2.133600   -3.770600   -4.277500   -0.032900  -27.921300  -19.828450  -18.627650   -0.032900  -73.270300  -43.010750   25.096650    0.000000  -46.558800    9.523650  100.596550    0.000000  -41.542700   70.189550   67.392700    2.166350    6.664650 -115.710050  -16.596150   -1.824050   24.573800  -67.010550  -26.329500   11.581650   10.087650  -24.773250  -42.889050   18.175150  -52.051800   47.525600   39.111450    5.467450  -73.152950  -13.464900  133.759950   -0.589100  -22.620850  -40.921600   65.460500    0.722450  -31.915650  -22.931350    2.397250    1.021950 
-251.812700 -586.178575  -21.074225  -88.192650  145.885800 -916.698275  -40.946025 -205.702350  822.308775 -682.851300  -38.462675   13.657800  415.412825 -515.407175  -33.175675   46.727675  -27.165725 -285.470600  -15.476600  -33.271425  -18.025125  -86.899625   -2.734400   -6.601950   -3.568000  -54.858175   -0.303650   -9.658625    5.174050  -29.929325    4.641850   -5.484825   31.693425  -98.507350    2.841175  -10.751600  181.255525  -81.852800    3.439575   15.775250  157.409900  -49.622100    0.900175   36.851175   23.984375  -62.763550   -9.516500    3.762925   11.514200  -31.323425   -2.366000    1.507475   -0.270350  -10.177350   -0.908650   -3.763200   32.056675   54.331575   -7.809850   -1.848150    4.508125  -17.763700  -31.412775    0.053500    5.980850  -98.054325  -32.566075    3.714750    9.573600 -134.911250    2.574475   17.375975    2.451975 -148.694675    8.816350  -15.458550   -3.353200  -68.774225    2.214475  -60.577700   49.753625   23.246325   -3.987150  -45.777250   15.382850  -18.128025  -43.193875    6.548850   -6.106025    2.449700  -68.674525   -0.167250   -3.456850   56.719800  -26.433650    4.532700    8.335675   63.273650    2.695900   16.291475   51.889025   28.084250    4.432825    3.902600  -19.606050    3.527475    0.313850  -73.745475   58.263625    4.079325    6.377475  -57.150325   -5.195600 -111.667275  -26.248950    8.564725    1.403850  -49.869425  -19.554325   -0.933600   -1.519725  -13.208875   -6.200350   -0.272150   18.791175   -6.101300    1.950750    1.214625   78.755950  -24.837700   -0.912050    0.771950  -16.295100  -58.675475  -40.931400   -8.460125   39.303300  -14.475200  -21.838875   -9.096825   -0.432900   -1.822725   -0.898975    0.000000    0.231400   -5.903500   -2.747400    0.000000    1.351900  -27.765100  -13.108750   -0.182150   37.983950  -65.910575  -30.511275   -0.182150   61.589950  -86.820125  -60.557225    0.000000   55.950200  -37.115225  -60.598075    0.000000   76.267050   -8.775075  -28.389550   -2.034775  -11.664225  -78.191675  -14.326025    0.219325  -20.250200 -153.110925  -56.140750   -1.002225  -40.701225 -132.838875  -75.290675  -13.787475   81.179700 -138.902400  -72.296425   -6.955425  210.036175   27.025850  -26.229175    2.952650   71.854025   66.898900   15.104250   -1.565425   -7.321775   -0.112725   12.077875   -1.089675 
 143.980400  598.280900   47.534700  -57.092200   36.408400 2143.610300  108.648300  -95.272800 -682.851300 2914.987600  115.119100 -481.270600 -318.266900 1962.398100   95.170100 -433.449100  135.537700  845.211200   24.628200  -85.280900   49.441500  247.960500   -0.466200    0.521400   25.081000  100.810100    6.549800    7.828500   28.799400   96.649900    9.368800   -9.679100  -37.703100  109.622200   10.788900  -48.241800 -178.327300  101.990600   -8.037900 -123.448000 -194.619800   68.094200  -13.489100 -177.051100  -67.167500   68.094600    1.978000 -100.422100  -21.148400  104.513100    0.667000  -18.218700  145.783200  135.917200    2.949800   46.116400   28.372900  159.713100   24.097200  -11.446200    1.787500  220.962400   13.379300    3.523000  -19.469200  164.404900  -67.954100   -2.072000  -36.057200   72.025000  -72.977700  -63.865700   -9.812700  119.653100  -34.330200  -76.415400   52.346400   83.569700  -18.267700   -3.164600  232.736500   57.451100   21.316800   94.937000   44.756800   95.392300  -62.858500  -30.110200  -28.456700   22.120600  -59.724700    3.272000  -15.363800  -59.554600 -131.875200   -1.690400  -37.105100  -95.364800  -79.066800  -51.971700 -102.579300  -58.641000   -8.471900  -92.220200  164.039600 -105.883700    9.189800  -37.855300  170.766500 -169.319900   74.911300  -49.633100   10.621200 -115.541700  -55.704600  -19.785700  -17.120200  -32.919900  -33.035100   -3.442800   -6.169300   -1.598500  -16.366800   -1.038200  -52.111100   27.177600    2.226000   -2.305500 -141.174400  113.190400   34.456600   -2.676400  220.985200  182.589700   90.757800   -4.413500 -174.861600   35.055400   48.856500  -64.255100   -1.649200   -3.088300   -0.103300    0.000000   -0.792800   19.627000   10.319800    0.000000    5.861200   66.025200   47.225000    0.861800  -70.525400  157.654900   81.281300    0.861800  -29.867400  234.941500   61.690700    0.000000   89.484600   62.946700  -41.250100    0.000000  -75.606600 -166.726100 -138.438400   -0.056700   20.284700  214.917100   52.428300  -13.844900   23.225400  293.778100  168.259000  -20.709300  -12.391300  308.876500  246.320100   -0.136300 -114.494400  244.114800  -31.125900   -5.837900  -93.996100   11.295800 -281.022900   -6.322800   19.525700  -36.877800 -181.116000   -5.332900   58.782300  -24.778300  -52.239500   -1.746900 
  21.648900  114.506275   16.973325   -1.188950  -23.445600  173.629175   43.940925  -37.921050  -38.462675  115.119100   79.734975  -99.259600    1.801475  149.086475   57.720975  -76.089975   35.773825  108.169200   13.711200  -20.421275   17.089625   18.071125    1.220800    0.221150    5.111000   10.343475    0.533050    1.079125   22.314150   64.899025    8.414550   -0.072475   15.092275   70.358950   13.620525   -2.988800    3.037575   32.404600   11.111725  -10.419250  -13.554300  -24.405300    4.467525  -14.694475   -9.806875  -24.927650    2.150500  -10.734225    0.770600   -0.002275    0.392000   -1.073575   26.024950   18.588950    0.143050    9.152400   15.142025  -28.202275   -3.023550    0.044550    6.439375  -21.664100   -5.434325    0.400500    0.991550  -21.020975   -2.761225   -0.565750    0.804800  -21.138750    5.432425    0.701925    4.704925  -26.791025   -0.006950   -5.297650    8.337400  -19.876675   -0.632575   -9.796100   50.305875   -7.553025    0.832550   -1.596750    4.902550  -76.920075   -7.416625   -0.414450    2.375925  -20.127900  -15.844575    1.358250   -0.699550  -21.668600    0.488050   -0.193900    1.304025  -20.173050    1.308700    1.058425   15.493075  -21.172250   -0.278525   -1.778200   18.044850  -37.043575   -3.224450  -13.165425   20.380875  -39.819025    1.386425  -20.603975   -4.765800  -20.947825   -0.119850   -0.921825   -1.284450   -2.990275   -4.310975    0.025200   -0.488175    0.008375   -1.615050   -0.042450    4.050525   -2.165900    1.907250   -0.086125   12.390850    3.853900    5.656850    0.408850   16.325700   -2.565425    1.559800   -1.300375  -31.273100   -2.688600   -1.761625   -9.173475   -0.254700   -1.157175   -0.095925    0.000000   -0.169800   -0.450500   -0.148200    0.000000   -0.803300    0.485700    1.683750   -0.042450    5.504850    3.555275   12.230175   -0.042450    4.327850    3.369625   12.994325    0.000000   -2.746400   -6.534675    2.097775    0.000000  -24.206850  -16.728225  -13.110650    0.364675   -5.066675    3.282975    0.940925   -1.889025   -3.153600    0.590225    3.507750   -1.710675   -0.592675   -2.936625   31.355975   -2.471425    1.997100  -41.963200   27.658725   -2.258275   -6.424475  -36.653450  -16.304525    0.468950   -4.591925  -29.567300  -14.312250    0.496725   -1.026325  -13.797175   -5.121375    0.483975 
-206.277400 -626.190400  -35.723200  -41.881800   40.974600 -588.481800  -57.869800  256.671800   13.657800 -481.270600  -99.259600  775.013600 -154.233600 -747.883600  -84.565600  394.229600 -173.881200 -607.312200  -20.229200  -11.134600  -89.849000 -266.043000   -1.807800  -35.653400  -38.606000 -130.295600   -3.618800  -14.766000  -47.166400 -137.449400  -14.702800   -4.315400  -45.626400 -182.118200  -23.998400    6.625800    0.108800  -67.783600  -19.737600   96.908000   80.733800   68.434800   -2.560400  158.756600   13.325000  -62.492600    5.502000   58.387600  -30.129600 -169.273600   -1.137000  -18.137800 -118.734200 -120.243200   -1.573800  -33.338400  -71.247400 -258.138600  -19.108200   -7.567800  -21.750000 -199.739400   10.629200   -2.223000   -5.754800 -106.419400   69.379600   -2.133000    8.973200   59.185000   44.996200   -2.460800  -11.778800  108.056400    6.511200   47.362400  -41.163400  -11.158200    5.161200   62.527600 -261.249000  -73.146600   -6.275800  -21.857000  -34.045800  201.881200  169.006000    6.796200  -16.939800  147.996400  171.283200   -3.777000   -5.682200  148.722600  135.041200   -3.197600   -3.304400  163.173800   50.135800   -5.094800  -33.124200  165.881000    7.031400   34.516200  -90.937600  183.767200    7.181200  115.276800 -237.804000  204.439400  -12.867800  122.203600   25.037800  385.350200  110.412600   14.874200    3.241200   91.779400   51.960600   -1.133200   -0.624200   23.236000    8.755800   -0.270800  -10.498400   -0.415600   -5.996000   -0.172000  -48.203600  -45.617400  -13.974600   -0.781600 -131.186200  -50.268200   11.298200   13.961000   55.044600   18.857600   41.241000   63.815600   -0.244800    0.514800   -0.205200    0.000000   -0.403200   -9.057000   -3.013800    0.000000   -3.782200  -26.276200  -13.020000   -0.160800  -33.712600  -60.879400  -28.912800   -0.160800  -82.375600 -100.014000   27.190800    0.000000  -82.467600  -18.790200  150.080600    0.000000  -50.440400   91.471600  115.865400   -1.599800  -14.603200 -206.092600  -24.539800   -2.165600   -1.892400 -163.583600  -41.764000    9.130800   -7.522200 -127.104000  -85.625600   16.707800  -54.793600   27.011200   60.015400   21.097400  -62.933400   -0.859800  271.572400    1.546800  -62.129200  -46.058200  150.006000   -1.732600 -104.208800  -36.015200   21.392000   -0.273600 
-185.140100 -427.755225   -9.306175  -71.221950 -126.534600 -578.536325  -10.349575 -213.033050  415.412825 -318.266900    1.801475 -154.233600  732.357975 -140.812025    9.482475    8.973525  169.579325 -251.612800  -10.700800  -35.009775   -8.257875 -119.236375   -2.362200  -11.102850   -8.564000  -69.640025   -0.819950  -12.288375   11.245150   -5.162475    5.441550   -4.003975    7.850775  -25.353050    5.119025  -20.320800   82.463075  -30.596400    0.983225  -23.424250  196.978700  -18.172300   -7.488975    4.839025   94.690625  -91.663650   -8.944500  -18.145725    6.689600  -59.660775   -2.268000   -5.619075  -16.757050  -26.663050   -1.624950   -2.676600   41.220525  153.284225   20.154450    0.606550   10.161875   84.226900  -20.849825   -0.164500   11.288550   50.412525  -54.092725   -0.380750   11.906800  -25.758750  -39.418075   34.236425   11.509425 -141.204525  -14.574950   11.111350    9.683400 -108.096175    2.091925  -48.750100  -13.116625  -49.991525   -3.680450  -47.161750   31.704550  -84.175575  -52.744125    9.562550   -1.514575  -68.513900 -101.570075   -0.411750    3.143450  -30.992600  -69.844950    1.180100   22.412525   -6.615050  -27.423300   38.907925   81.153575  -32.797250   -6.627025   41.428800   14.558850  -25.779075    5.502550  -65.644925  -79.361625  -51.847525    3.490925  -52.135475   -8.307800 -224.728325  -40.533850    8.552675   -0.582450  -77.328775  -33.977475   -0.881800   -1.392675  -20.629125  -10.722050   -0.265450   43.369025  -10.031900    7.617250    1.506375  129.479850   -6.200100   23.960850    2.182850   15.568700  -16.929925   -9.998200   -8.622875 -119.472100  -82.207600  -30.164125  -26.614975    1.127300   -2.761675   -0.785425    0.000000    1.618200   -2.040500   -2.226200    0.000000    0.314700   -8.701300   -2.626250   -0.045450   80.053850   -9.696225   21.404675   -0.045450   89.626850  -13.562875    1.769825    0.000000   -4.507400  -73.409175  -81.788725    0.000000   -6.420850  -96.024725  -64.621650   -3.260825   -0.046175   15.769475    0.875425    8.827475  -20.012600  -34.943275  -26.737250   -1.275175   35.432825  -23.579125    4.342475  -11.285925  154.851100  -90.966200    4.455225  -10.836775   95.894025  -55.721450 -106.293025   -1.523050    0.613575   -6.629300  -51.062250   -2.521775   -4.506825  -12.926675   -6.548875   -1.194525 
-125.850100 -167.750225   37.443825 -186.396950 -253.234600  394.483675   99.555425 -551.428050 -515.407175 1962.398100  149.086475 -747.883600 -140.812025 3744.487975  168.612475   36.653525  545.269325 2726.432200   72.659200  299.125225  287.057125 1021.573625    6.287800  120.662150  118.446000  470.124975    9.540050   62.006625   77.240150  207.457525   29.206550  -11.503975   10.645775  141.496950   33.809025  -66.175800 -179.141925  -70.936400  -18.211775 -177.354250 -218.401300 -159.957300  -66.098975 -148.255975   27.935625  -42.123650  -34.889500  -17.025725   88.974600   37.194225   -2.208000  -18.089075  303.717950   76.146950    4.115050   30.528400   77.750525  326.244225  -24.650550   12.021550   19.776875  211.216900 -132.924825    4.835500  -14.256450   87.447525 -294.862725    2.159250  -31.478200 -120.883750 -258.813075  -18.878575    5.209425 -183.959525  -82.259950  -70.088650   -0.786600 -160.476175  -13.368075 -160.960100  171.163375 -256.346525   20.069550 -142.166750  -16.955450  -15.770575 -288.054125    3.497550  -32.089575   -9.388900 -278.570075    5.178250  -14.806550  147.267400 -235.254950    0.820100  -20.162475  302.534950  -95.618300  -19.722075  -14.731425  433.552750   -3.372025  -35.121200  148.943850  321.420925   21.672550  -19.789925 -163.281625  -21.087525    8.720925  -57.195475  -62.777800 -457.768325 -147.958850  -15.402325  -27.152450  -55.363775  -76.862475   -2.891800   -6.467675   -8.989125  -19.747050   -0.895450  -22.735975   11.783100    7.192250   -1.258625  -24.930150  120.364900   32.960850   -0.332150  241.588700  228.300075   -1.973200    3.062125 -141.392100  -19.012600  -85.004125    1.370025   -1.812700  -10.266675   -1.820425    0.000000   -0.701800   21.729500    8.123800    0.000000    3.534700   83.263700   55.948750    0.224550  -11.126150  218.498775   87.569675    0.224550  104.181850  353.072125  -66.670175    0.000000   78.647600  147.040825 -219.253725    0.000000   57.259150  -66.184725 -136.456650    0.924175   26.663825  494.459475   76.520425   -4.867525    8.467400  563.396725  213.657750  -25.100175   23.612825  574.965875  294.522475  -24.200925  -19.508900  571.923800  -86.454775   -6.336775 -138.100975  333.268550 -444.583025   -4.498050    1.678575  102.430700 -240.152250   -7.006775   52.013175   47.358325  -29.963875   -2.904525 
  11.342900   52.660275   10.895325   -4.430950  -27.876600  110.082175   22.063925  -34.454050  -33.175675   95.170100   57.720975  -84.565600    9.482475  168.612475   67.816975  -53.580975   41.050825  117.991200   23.448200  -13.365275   17.929625    8.146125    2.028800   -2.549850   -1.884000   -9.135525   -0.178950   -1.430875   14.228150   44.653025    4.802550   -0.088475   10.221275   60.505950    9.119525   -3.141800    0.024575   34.825600    9.422725  -11.284250  -11.642300  -17.253300    4.201525  -13.650475   -6.276875  -31.111650   -0.574500   -7.185225   -2.483400  -26.011275   -0.543000   -4.025575   -2.888050  -10.854050   -0.253950   -1.618600    6.686025  -15.061275   -0.201550    1.357550    2.849375    2.294900   -3.541325    0.690500    0.544550    8.768025   -5.167225   -0.175750    0.467800   10.576250   -4.564575    2.724925    5.062925   -4.445025   -5.728950    1.648350    2.666400   -5.564675   -1.974575   -4.427100   -8.834125  -12.807025   -1.069450   -5.346750    0.825550  -44.157075   -9.086625    2.143550    0.673925   -9.516900  -12.881575    1.478250   -0.627550   -5.634600   -3.068950    0.367100    2.018025    2.288950   -3.159300    2.916425   16.420075    8.282750   -1.887525    2.864800    4.885850   -5.035575   -2.636450   -4.218425  -18.699125  -10.658025   -2.680575   -2.359975   -5.448800  -31.399825   -5.690850   -0.893825   -1.046450   -8.289275   -6.816975    0.022200   -0.321175   -2.856625   -2.523050   -0.034450    5.224525   -2.239900    1.517250   -0.036125   14.961850    6.197900    5.992850    0.559850   -0.187300    5.736575    4.312800   -0.310375  -40.064100   15.175400    7.323375   -2.769475   -0.206700   -0.835175    0.026075    0.000000   -0.137800    0.584500    0.344800    0.000000   -0.001300    2.642700    2.508750   -0.034450    8.380850   12.304275   14.613175   -0.034450    4.633850   19.349625   17.686325    0.000000  -11.900400    6.007325    7.741775    0.000000  -39.472850   -7.669225   -7.409650    0.712675   -2.649675   24.633975    4.888925   -1.533025   -4.039600    5.656225    3.567750   -2.118675    9.904325   17.958375   36.001975   -2.549425    3.028100  -11.950200   51.249725   -1.657275  -26.835475  -32.845450  -15.123525   -0.249050  -16.899925  -34.680300  -22.317250   -0.147275  -11.968325  -21.445175   -8.281375   -0.020025 
-289.768900 -756.851275  -33.763325 -100.226050 -164.049400 -1006.734175  -48.190925 -143.278950   46.727675 -433.449100  -76.089975  394.229600    8.973525   36.653525  -53.580975  697.934975   -6.098825   -4.354200   -8.366200  213.656275  -21.034625  -48.736125    1.339200    8.328850  -16.626000  -58.733475   -1.933050   -7.864125  -32.819150  -98.689025  -11.149550   -6.057525  -43.622275 -179.553950  -19.345525  -21.031200  -55.397575 -213.169600  -32.601725   18.054250   31.754300  -68.339700  -30.507525  156.759475   71.871875  -32.492350   -3.040500  116.549225   19.844400 -142.267725    1.033000  -15.656425  -84.244950 -133.173950   -1.778050  -41.502400  -51.842025 -177.262725  -40.181450   -0.654550  -15.594375 -142.840900  -47.635675   -0.280500   -7.161550  -62.599025  -54.148775   -0.024250    5.215200   26.428750  -40.142425   10.958075   -3.274925   30.516025  -17.498050   29.667650  -53.512400  -76.523325   -0.137425  -13.538900 -296.025875 -147.341975   -8.852550  -89.568250  -52.357550  158.530075   50.206625   10.529450  -26.600925  149.577900   53.759575   -1.238250   -3.190450  257.938600   50.496950   -1.641100   10.020975  342.343050   23.756300   11.781575    8.706925  341.457250    3.378525   56.003200  -42.454850  301.863575   -2.035550   95.445425 -347.350875  159.434025  -36.201425   86.753975   -4.419200  171.017825   50.239850    8.576825   -7.045550   55.930275   21.425975   -1.180200   -2.031825   10.826625    3.050050   -0.307550    8.684475   -3.969100   -4.722250    0.641125   28.904150  -16.998900  -13.706850    2.041150  -33.120700  -14.954575  -15.599800   13.455375   -3.531900  -62.566400  -32.873375   49.498475   -0.405300   -2.957825   -1.109075    0.000000   -0.070200   -6.064500   -3.576800    0.000000   -1.176700  -10.655700  -10.273750    0.092450    5.615150  -15.825275   -8.060175    0.092450   -0.462850  -22.214625    6.385675    0.000000  -61.568600  -13.265325   31.077225    0.000000  -13.903150   41.893225   61.680650   -3.689675   -8.688325  -18.707975   -3.815925   -0.105975   -7.886400   -7.710225   -6.922750   -2.604325   26.197675   -4.773375  -53.995975    8.566425   11.147900   75.788200   39.106275   21.223275  -74.585525   33.783450  140.009525   -1.783950  -71.343075  -17.937700   81.857250   -2.201725  -66.813675  -13.397825   14.446375   -0.843975 
