 340.487500  974.966750   14.462500   24.523750   -5.161250  576.002500  -27.092750    2.494000   17.100250  219.014250  -53.290000    5.612500  -22.327500   54.645000  -95.067500    3.855000  -60.899250   -5.950000 -131.203750    7.678000  -23.934750  -15.290500  -42.270500   13.344750   -8.508000  -13.580500   -8.101250    2.406750    1.083750 -116.353750  -14.824750   -7.639250   20.174750  -72.643500    9.524250   -1.788500   19.552250   -8.013250   -0.843250    4.602750  -60.113000   37.160750  -87.214000    6.163750  -18.903000   61.138000  -35.822500    8.600500    8.536250   31.686500   -0.810750    4.474500    5.523500    5.748500    0.402000    0.073500   32.642000  105.133750   34.743500    0.600750    6.739250  172.359000   33.555500    1.029750  -89.849750  140.943000  -97.265500   -1.679250  -45.241500   79.959250 -112.596000    6.668750    8.611750   52.738000  -24.350250   36.242000    2.358000    9.559500    1.135250   42.522750    1.938250  -19.911500    1.653500   -0.130250   56.962750   65.316250  -46.054500    1.443000  -44.806250   62.006750 -120.690250   -0.737250  -56.516750    2.921000  -92.847000  -13.903250  -10.481750  -62.288250  -59.508500   -5.835000    5.854750  -63.015000  -17.501250   11.267000   24.271500  -53.197500   -1.372500   21.603500   -3.226500  -62.876250   -3.128000  -36.929750    0.176750 -137.633250 -147.079250   -2.925750   10.292500   22.666750  -86.061500   -2.011250   14.327250   87.667750  -22.192750    0.616250    7.117250   87.702250    8.194250   18.611750    2.020250   90.344500   19.149000   33.786250   14.520250   90.479250    1.773500   21.888000  -81.055000   -0.089000   -9.585000    0.946500   31.056750  -80.823000  -49.670500    1.785250   62.140000   56.615250  -10.261250   20.862000  -18.013500   32.465000  -24.631250   13.984250   11.596250  -73.317000  -29.486250    8.925000   15.691250 -115.817750   12.656000   17.612500   13.253250  -27.926750    1.974500    5.348500  -54.913500   -6.639750  -19.234250   16.282500   36.176500   -0.462250   -1.597250    8.001500   56.461000   79.774000   -2.687250   42.105250  -67.768250  144.351500  -11.441750  -11.193500  -25.602750   45.145750   -2.507500  -67.242500   13.063000  -93.507750    6.213250  -15.870000  -40.161000  -33.588250  -32.321250  -18.303000   21.921250  -29.145500  -41.152250   -2.601500 
 974.966750 9896.537775  454.149750  342.697375 -396.133125 3852.166250   75.857425 -145.117300   61.877825 1094.704525 -105.829000  -22.137250   68.929750  395.465500 -561.963750   81.848000  -56.819525  108.093000 -679.908875  133.233900  -88.520675  -60.590650 -281.412150   86.159175  -92.178400   31.437350   -4.893125   14.285275  -17.055125  621.014125   32.396825    3.820975   69.275675 -123.417550   27.610025  -26.784050   86.294925 -176.415225 -182.387725    2.478075 -113.555900   27.074975 -390.558700   14.809375  -28.061900  114.597400 -194.719750   -2.224850   -3.890375  -35.285050  -31.950475  -32.961650   12.301050  -56.870950    8.249600  -28.357950  208.145600  337.853875   45.893050    3.359475   26.226525  765.820700   30.105650   13.672675 -260.745175  672.519900 -483.137150  -29.372525 -156.679950  605.119525 -497.704800   29.843875    7.041775  376.057900 -143.918325  147.181600   42.861900  152.970850  -36.365175   30.443575  -95.262775  -77.831950    5.526550  -49.908825  311.624075 -223.550375 -474.577350  -13.456600 -182.938625  365.250275 -657.910825    0.263075 -228.194775  -79.198700 -451.791600  -79.975725  -55.642275 -353.012225 -311.503550  -43.718500   -6.365325 -127.324500 -107.538625   42.037600  122.435950   57.661250   -6.029250   91.791550 -169.636450  126.953875   55.417100  -85.513175 -187.771225 -1367.679725 -1078.346025  -17.727975   67.965250  -62.564725 -634.489450  -10.948625   44.848425  176.648075 -181.928075  -41.937375    7.869925  404.403925  118.137025  -42.292725  -39.901675  741.877850  181.340700   -3.551875   30.861825 1023.698525   38.954550   40.189400 -554.946500  324.369800  -32.363000   12.001450 -153.162725 -977.256900 -454.806650  -37.248675  268.353500  282.107825  -95.307625   50.821100   -9.220050  381.919000    8.826875   49.732025  -55.217875 -102.733100   -3.538625  -23.064000  -87.983375 -179.715075  238.441800 -132.406750   55.897225  157.734725  182.254850 -129.383450 -412.233550  211.528325 -154.489025   57.591750  160.109950 -239.996425   -7.529425   -8.091050  441.542300  286.222700    7.631575  116.079325 -119.337225  699.583950  -20.095275   20.220950 -286.609575  376.977975  103.580750 -242.373250 -135.850600 -384.919075  305.755225 -105.626500 -209.485800  -29.331225 -126.542625 -119.878900   10.546125  102.110350 -257.817425  -23.379450 
  14.462500  454.149750  145.307500  -27.661250  -26.991250   98.442500   86.868250  -29.777000   -9.455750   18.272250   11.615000  -18.512500   22.492500   94.530000  -44.037500    6.150000   61.197750   25.110000  -31.713750   29.401000   16.034250  -12.418500  -12.633500   14.170750   -8.661000   -5.983500   -3.031250   -0.485250   15.153750  239.781250   36.989250    5.347750  -12.929250   42.125500   -0.127750   -2.039500  -32.511750  -22.950250  -45.520250   -4.043250   20.594000   -8.287250   13.807000    1.993750   29.009000    3.506000   25.832500    2.783500   10.066250   -6.924500    5.282250   -3.663500   -0.060500   -5.705500    1.124000   -1.640500   -8.051000  -21.476250  -19.530500    1.357750  -25.827750    7.563000  -22.991500   -0.124250   -7.500750   26.461000    4.196500   -4.902250   -3.490500    0.592250   -0.657000    5.273750    7.319750    2.731000   -2.289250   14.494000    7.156000   -1.033500   -1.435750   -7.413250   -8.194750    6.184500    2.619500   -2.829250  -14.183250 -113.673750  -53.726500   -4.349000  -13.771250  -11.645250  -35.329250   -0.513250   -7.589750  -14.523000  -24.524000   -3.425250   -5.049750  -19.870250  -17.634500    0.895000    6.635750   -6.395000   -1.656250    7.599000    6.420500   11.417500    3.852500   -0.345500  -19.970500   27.353750   13.044000  -12.245750  -38.860250  -96.415250  -60.272250   -4.587750   -2.397500  -16.085250  -40.965500   -0.591250   -2.491750  -13.023250  -20.736750   -3.603750    0.918250   17.558250    0.357250  -13.420250   14.104250   48.816500   18.163000  -24.943750    4.679250   68.552250   13.034500  -10.479000  -91.475000   36.432000    7.525000  -11.244500  -25.905250  -50.011000  -26.193500   -4.055750   13.925000    6.219250  -10.791250   -2.341000    7.905500   33.395000    2.198750   -2.412750  -24.213750   12.261000   13.458750   -8.940000   10.391250   35.753250   40.437000  -38.787500   21.530250   34.255250   41.046500  -28.600500 -122.614500   48.314250  -13.077250    9.202500   13.170500  -13.993250   -1.918250    1.875500   49.047000    2.598000   -0.368250   -5.725750   45.114750   40.700500   12.960250    2.040500  -16.081750   23.572750   54.837500  -26.567500   -0.889000  -73.991750   75.710250  -14.865000    6.798000 -104.345250    7.703750  -11.436000  -87.663750  -71.578500  -47.863250   -3.790500 
  24.523750  342.697375  -27.661250  107.409375  -11.128125  224.346250  -36.043375   32.256500    3.859625   65.491125  -20.950000    7.863750  -13.066250  -73.997500  -25.543750    9.465000  -51.991125  -42.305000  -32.121875    0.370500  -24.087875    2.475750  -13.196750   -1.274625   -5.723000   22.170750    2.791875    4.959875  -11.808125  -90.901875  -10.525375    5.701375   12.597875  -52.519750    1.498625    1.127750   17.089125  -21.177625    6.129875    3.745875  -20.740500   -4.313625  -33.706500    3.874375  -13.735500   15.103000  -22.428750    2.811750   -7.859375    8.302750    1.321125    2.320750    0.442250    4.602250    4.232000   -1.562750   14.437000   47.946875   20.832250   -0.076125    6.346125   30.301500   24.974250   -0.607125  -31.820375    5.105500  -36.386750   -2.206125  -13.047750   37.071125  -36.341000    1.131875   -1.107625   33.150500  -11.927125   13.892000    3.475500    3.948250   -1.920375   16.733375    1.117625  -12.002750    2.579750   -0.369625   11.615875   69.910625   -0.685750    3.513000  -20.130625   34.374875  -21.159625   -0.079125  -16.962375  -18.551500  -18.007000   -5.475125   -0.794875  -45.967625  -20.444750   -3.212500   -0.812125  -36.262500  -13.420625    0.102000   18.427750  -42.663750    0.273750    4.809750    5.644750  -26.253125    8.859500  -16.915375    2.392375  -67.485125  -44.553625    3.388625    1.181250   23.159875  -26.070250    0.784375   -4.898375   35.020875   -3.135875    3.195625   -3.600875   25.454125    6.828625    6.319875   -5.837875   28.388250    3.431500    6.443125   14.444625   12.546125    3.454750    4.028000  -29.112500   -6.214000    0.605000   -3.954750   53.849875  -39.890500  -13.249250    5.022125   21.152500   17.029625    5.809375    6.694500  -29.502250   17.315000    9.311875    5.463625   -9.166875   -5.449500    2.179375    1.485000    6.475625  -26.545875   14.056000    5.241250   -1.642375  -33.389875    6.783250   -4.705250  -24.749750   -6.807875  -20.278625    1.263750   39.302750   16.768375    2.023375   19.707750   12.023500   49.341500    3.388375   35.062125  -43.007625   66.137750   -1.619875    1.347750  -17.788375   10.876375    7.463750  -25.006250   -2.497000  -62.930875   22.487625  -13.197500  -23.746000  -42.347625   -8.440625   -5.995500    5.928125   -2.294250  -18.976625    2.374750 
  -5.161250 -396.133125  -26.991250  -11.128125  108.464375 -151.208750  -25.631875   18.512500   80.198125   10.360625  -17.475000   17.648750   28.593750  -18.347500   -9.943750    2.815000  -30.075625  -55.310000  -21.289375   -8.662500  -32.804375  -34.536250  -15.733750   -9.623125   -2.985000  -16.496250   -5.360625   -0.890625   -9.375625 -133.824375   -9.491875   -5.148125   21.554375  -90.348750    2.728125    0.278750   40.055625  -33.603125   11.919375    2.884375   -1.277500    7.291875  -31.817500    1.801875  -18.862500   27.300000  -26.273750    6.818750    0.483125   34.638750   -5.704375   11.908750    3.181250   18.841250   -1.015000    7.221250    3.855000   25.809375   24.646250   -0.690625   20.000625   11.732500   24.286250   -0.205625   -1.271875   -5.707500  -10.753750   -1.355625   -9.523750   -7.229375  -24.895000    0.919375    0.261875    2.107500   -7.010625    5.840000    6.772500   25.231250    2.588125   15.751875   44.258125   39.211250    0.878750   22.956875   14.674375   96.403125   36.581250    6.300000    0.701875   -8.375625    1.641875    0.669375   -3.226875  -15.717500  -14.710000   -2.995625    1.195625  -35.438125  -11.553750   -3.562500    3.609375  -50.062500   -5.423125   -6.450000    1.143750  -52.083750    1.388750  -22.341250   82.293750  -23.385625    0.312500  -16.561875   -2.068125   29.594375    6.931875    5.613125    0.766250   -7.250625    8.248750   -0.048125    2.328125    7.194375    5.565625    0.263125    3.150625    5.990625   -6.516875    2.624375    5.765625  -18.528750   -6.402500   12.030625    1.708125  -60.729375    2.658750    0.410000   23.187500  -28.805000   12.515000  -24.828750    6.139375   19.297500    7.003750    3.750625   -2.337500   -2.126875   11.211875   -1.037500   -9.906250  -25.630000    0.224375   -1.376875   -1.374375  -23.632500   -6.513125   -7.750000    8.793125  -43.549375   -5.480000    5.451250   14.553125  -40.234375  -13.633750    6.693750   -7.428750  -15.524375   -0.503125   -4.236250   11.038750   11.186875   -1.123125    3.558750   -1.187500   20.177500   -1.363125   -1.239375    6.321875   27.398750    7.620625  -29.311250   -3.626875   13.906875    5.588750  -20.691250   20.120000   -8.359375  -21.661875   -8.887500   24.810000  -23.838125  -37.298125    1.067500   36.840625  -11.861250  -29.408125    7.738750 
 576.002500 3852.166250   98.442500  224.346250 -151.208750 3153.207500  -72.551250   30.020000   89.098750 1371.823750 -129.125000    7.117500  247.457500  346.615000 -233.707500   75.730000  -96.648750 -140.095000 -423.866250   44.415000 -309.981250 -351.702500 -258.327500   14.916250 -273.670000 -221.772500  -51.628750   -1.413750  -67.588750 -661.756250  -84.411250  -30.623750  102.916250 -537.412500  -20.426250  -15.832500  212.538750 -228.933750    9.606250    7.446250 -111.760000   -8.458750 -269.325000    0.096250 -157.715000   44.600000 -276.357500    7.127500  -73.491250  -20.552500  -91.071250    9.592500   -9.977500  -24.932500   -8.950000   -6.317500  145.260000  349.241250  160.222500   -0.633750  126.463750  583.690000  204.922500   10.566250 -186.686250  594.725000 -280.882500    0.331250 -179.582500  525.353750 -429.630000  -11.073750  -35.273750  332.120000 -174.318750   87.905000    9.130000  172.362500  -29.576250  111.456250   10.718750   81.562500    5.697500   69.831250  293.386250  790.243750   51.907500    3.615000 -149.658750  320.786250 -348.503750    0.111250 -210.001250   -9.190000 -335.030000  -59.448750  -44.806250 -312.048750 -251.887500  -50.950000    5.456250 -320.985000 -120.798750   -6.960000   75.817500 -198.902500  -15.932500   21.502500  155.292500  -38.893750   12.010000  -59.316250  -46.403750 -207.193750 -545.728750   -6.296250    1.932500  -65.368750 -426.112500   -6.983750   32.293750  163.561250  -82.191250   -6.806250    8.543750  277.438750   36.808750   45.351250   -0.581250  313.137500   72.435000   55.748750   46.413750  395.918750   19.492500   16.580000 -192.235000   44.695000  -27.680000  -48.447500 -182.138750 -530.855000 -282.232500   -2.886250  265.785000  184.148750  -43.973750   40.240000   -3.357500  247.000000   13.916250   23.728750  -34.861250 -113.845000  -65.148750   27.025000   -3.441250 -242.401250   72.535000   25.407500   13.563750  -72.566250   70.387500  -42.352500 -151.552500  -70.251250 -121.548750   42.577500   35.207500 -159.778750  -12.533750   23.082500  335.610000  263.795000   -6.978750  131.508750  -63.198750  633.907500  -48.386250   10.297500 -177.186250  257.986250   41.367500 -265.752500  -39.450000 -318.996250   92.923750  -83.760000 -131.295000   16.561250 -150.683750  -31.125000  186.038750   77.672500 -119.253750   37.712500 
 -27.092750   75.857425   86.868250  -36.043375  -25.631875  -72.551250  162.472975  -40.847100   -8.726225  -52.180325   94.362000  -33.980750   50.058250   52.663500   -0.821250   -6.364000   73.420325    8.986000    0.177875    9.825300   -2.365725    8.102450    2.941950    2.395225   -3.631800   15.453450    3.728125   -0.800075   21.119125  250.978875   39.266775    5.328825   -2.734275   67.321150   22.898175   -3.554350   -7.339525  -15.313575  -27.841075   -5.459475   37.405700  -35.738175   27.760100   -4.239375   23.508700  -32.525200   22.516750   -3.675950    1.522375   -5.771350    5.509675   -5.409550    0.608350    9.919350    1.759200    2.175350  -12.353800  -35.687875  -17.757650    0.823325  -10.431325  -52.411100  -32.292450   -0.260275   29.172775  -17.752700   26.956950    1.474325    2.951350  -15.970325   32.555400   -3.197875    3.760425   -9.741700   10.007725  -14.471800    2.151300   -3.892050    2.622775  -29.065975   11.977575   12.712350    0.546850   -7.035775  -25.057475  -76.897625  -19.868450   -4.818200    0.704625  -27.615075    4.220225   -1.084475    9.403575   -1.229900    7.701800    1.892925   -3.518925   16.257425    7.724150   -0.864500    3.123725   27.453500    6.619625   -6.144800    0.085650   26.058750    0.120250   -9.758150   -8.164150   15.532125    9.756700  -11.213225  -42.400575  -18.930075  -19.660175   -3.387825  -12.648250  -30.605075    0.889850   -0.235375   -6.575025  -48.824475   -5.200525   -5.536625   -2.824525  -27.736525    2.442175  -16.876075    3.907275    9.231950   10.323900  -30.178125    4.106775   35.557675    7.367850  -12.766200  -48.595500   34.139600    6.219000   -3.850850  -77.466075  -29.401300  -19.509550   -7.451725  -12.570500  -26.981225  -10.413375   -9.625300   16.453650    7.578000    5.838125   -7.342825  -24.575125   30.496300   20.674625  -14.833000   -5.563625   56.445475   19.588600  -31.252250   16.732575   28.390075   32.020950  -23.938150  -77.340850   27.432275    6.983825    0.927250  -16.976350  -33.190975   -4.461975  -14.683350    0.062100  -60.587100   -3.584975  -25.980725   43.407425  -72.988350    2.090075   23.485650   10.393975    9.407825   20.770250   13.177250   -7.151200   -5.972525   71.943575  -11.970500   -2.131600 -101.085575   55.211625   -9.510300 -102.722125  -89.665550  -14.062975   -9.720150 
   2.494000 -145.117300  -29.777000   32.256500   18.512500   30.020000  -40.847100   63.505600   27.144100   24.631700  -30.552000   32.157000    7.373000  -71.346000   -6.400000    6.869000  -56.361700  -83.401000  -11.838500   -4.960800  -38.828900  -54.863200  -15.695200   -5.723100  -16.445200  -26.094200   -6.032500   -0.807300  -10.428500 -121.974500  -13.828900   -1.337700   14.003900  -76.736400   -2.899300    2.686600   35.972900  -36.646300   24.483700    2.811100  -13.635200  -10.445700  -22.808600    1.202500  -25.478200   18.177200  -28.398000    1.584200   -5.865500   22.833600   -7.028300    5.158800    0.409400    8.753400   -0.556200    3.232400    5.456800    1.373500    9.290400   -0.014700   25.992700   -2.010400   24.073200   -0.850100   -0.489900   -9.797800   -5.705200   -2.425700  -15.683600    4.411700   -7.434400   -4.571500   -4.015300   35.111200   -2.518100   -1.355200   -0.836800   41.733800    1.720100   18.485100   18.432300   28.195400    1.263400   28.022900   17.799100   40.959500   21.299200    4.925200   17.363500   -0.937300   17.876900    0.576100   -4.628700  -23.343600   15.340200   -3.140300   -2.828700  -61.247300    5.520600   -5.808000   -1.929100  -70.501000   -3.236500  -11.717200   -0.018400  -58.035000    1.316000  -13.456600   59.574400  -27.296500    4.073800   -7.353900   37.965700   13.257700   16.666300    3.471700    7.887000   -0.407300    7.610400    1.478500    3.085900  -17.378900    8.243900    5.828500    3.447900  -22.735100    3.606700    4.648700   -3.041900   -0.655200    2.384600   -1.847500    2.826100   -2.961300   10.017400   -5.031800  -12.912000    5.114400   21.456000  -18.019400   37.223700   24.061800   14.188800    8.527100   -7.912000  -14.225900    0.976500    2.265800   -3.531400  -35.848000   -5.042500    2.731700   36.514500  -42.391800    5.318500    6.908000   10.140500  -22.687100    8.050400   -6.479000   10.137300  -20.587700    2.150800   -9.056600  -33.774400   -4.636900   -0.612700    2.034000   -5.021400    7.860100    1.746100    6.860600  -28.165600  -12.414400   -0.215900   -0.798900  -19.407300  -33.769400   -1.932700  -25.483400   41.491900  -87.421700    8.046000    4.839000   11.793200  -63.744100   -3.778700    8.843000   10.742600  -33.784300   -1.618500   -0.739200   12.876500  -18.885200  -11.707900    5.495400 
  17.100250   61.877825   -9.455750    3.859625   80.198125   89.098750   -8.726225   27.144100  346.336975  -64.641925   35.488000   57.633250  297.084250 -428.733500  -33.951250   11.719000  -94.498075 -553.191000 -189.219125  -38.846300 -227.458525 -388.668950 -139.798450  -32.360975 -110.562200 -162.969950  -33.731875   -9.164675  -13.822875 -165.480125  -10.361025   -8.871575  109.523525 -158.561650   31.619575   -4.131150  294.766275  -87.746175   58.521325    7.437725   35.705300  -34.169575 -185.472100   -2.199375  -97.437700   47.859200 -174.099250    5.272450  -26.388625  100.310850  -48.706925   28.203050    6.772150   60.791150   -6.093200   28.040150   46.014800   25.559125   47.548150   -0.836075  148.094075   26.373100   76.853950    2.344525   73.722975   13.291700  -53.013450   -1.557075  -64.585850   17.383075  -84.898400  -20.185875  -25.640175   38.820700  -14.583475   -8.957200    6.737700  111.215550    5.432975   52.884225  147.137175  158.168150    2.758650  125.165025  122.590725  118.181375   71.924950   11.387200   68.361625  -61.244675  -24.605975    4.202725   -4.718825 -103.772100  -30.162800  -11.822675   -9.961325 -213.262175  -16.924650  -20.910500   -7.239475 -270.378500   -6.283375  -31.594200  -10.611150 -228.036250   -3.062750  -58.541350  301.484650 -102.150875   10.434300  -23.621025   61.445825   -9.064675  -41.632575   17.145575   35.225750  -97.429675  -39.969350    0.621625   40.691775 -104.302275  -11.657725   -7.769625   12.236275  -53.941725    8.215575   -5.438675   -6.641525  -18.478450    5.528100   16.256875   -8.036025  -41.839925   17.227650  -12.764800   30.595500  -28.931600   63.331000  -74.734650  -64.638675  -23.902700  -33.916950    0.192475  -27.409500  -47.313025  -29.400375  -11.028700   79.825850 -110.258000  -10.916875   -4.014425   75.208875  -89.102300   19.511625   -0.387000   13.907375  -80.083725   24.229400   17.924750   35.772175  -64.015325   22.307550   -0.351350  -85.024650  -31.491525   17.713425  -11.224750  -64.089150  -59.850775   -4.914775  -32.027150  -47.779100 -120.950900  -11.841775  -85.518525   88.172825 -180.287150   -1.880325  -61.336150   72.892775 -119.650575   11.982250   23.785250   33.300200  -96.985725   11.556175   15.425500   62.963600  -86.259175  -37.830375    2.031300    4.540875  -83.570950  -43.433775    1.040650 
 219.014250 1094.704525   18.272250   65.491125   10.360625 1371.823750  -52.180325   24.631700  -64.641925 1456.998775 -171.894000    1.620250  138.477250 1005.035500  -92.016250   95.848000   89.306225  258.318000 -104.282625   70.961900 -154.385425 -145.086150 -151.757650    9.793925 -168.711400 -142.913150  -44.779375   -5.167975  -88.721375 -765.864625  -86.162925  -36.448275  -27.104575 -705.796050  -80.120725  -22.837550   10.372175 -295.583475   19.284025  -11.804175  -29.708900  -26.994275  -26.297700  -17.261875  -84.129900  -21.079600 -141.647250   -2.989350  -44.134125  -57.548550  -67.826225    9.487850  -13.585450  -39.617450   -9.228400  -13.649450   53.612600  190.727625   83.326550   -1.574775   45.880775  367.809700  159.631150   -1.032575 -100.614925  380.782900  -89.277650   -1.126775  -97.106450  342.723775 -237.060800  -23.097375  -20.436475  269.550900 -117.493575   45.563600   10.424900  198.070350  -15.114925   80.096325  -12.379525  117.101550    0.965050   37.295925  145.841825  590.340875   92.553150   -7.338600 -100.439875  221.192025 -156.021075    1.115825 -134.676525   34.067300 -196.708600  -38.318975  -28.019025 -145.485475 -144.102050  -42.453500    3.934425 -161.519500  -72.949875  -21.430400   47.792450  -85.356250   -7.016750  -14.674950  144.157050   38.882625   11.824100  -27.652925  -18.784475   73.512025 -228.470275  -23.003725  -30.812250    5.467025 -213.390950   -4.834875   -4.934325  173.905825  -30.715825   11.433875   10.367175  203.276175   10.431275   37.519025   25.673575  203.227350   30.929700   21.314375   54.462075  207.237775    7.508050   -4.022600  -14.726500  -34.584200  -14.003000  -81.937050  -86.675975 -203.259900 -128.012150    7.251575  202.488500  138.703075   12.781125   14.218100  -61.483550  141.569000   29.635625   -6.208725  -46.211625 -111.990100  -43.489875  -13.024000   38.537875 -118.107825   24.882800  -55.464250   35.345475    2.992975   15.994350  -43.999950  -70.987050   11.698575 -102.268275   10.369250   66.931450  -74.818675  -10.546675   28.075450  302.168300  293.751700   -3.440675  115.169575  -11.935475  588.085450  -18.772025  -54.617550 -101.252325  260.393725   53.473250 -269.965750   34.377400 -154.986825   50.993475  -98.856500  -23.236800   11.525525 -131.533875  -23.116900  154.642375   53.319850 -135.869675   23.689050 
 -53.290000 -105.829000   11.615000  -20.950000  -17.475000 -129.125000   94.362000  -30.552000   35.488000 -171.894000  211.440000  -24.070000  123.085000 -202.345000  160.330000  -17.500000   50.554000 -267.700000   11.445000  -34.259000 -101.492000 -206.166000  -49.301000  -22.543000  -52.741000  -50.896000   -6.765000   -3.454000   15.390000  153.190000   34.753000   -0.571000   34.602000   68.933000   65.971000   -2.442000   79.227000  -24.304000   95.611000   -0.812000   11.374000 -103.791000   11.352000   -6.555000  -36.211000  -69.834000  -55.710000   -2.619000  -21.130000   13.658000  -19.834000    3.534000   -1.028000   29.242000   -1.066000   10.352000   11.454000   -6.980000   18.262000   -0.386000   57.836000  -73.727000   28.731000    1.132000   64.583000  -56.719000   65.109000    3.889000  -27.268000  -12.259000   42.448000  -19.625000  -14.409000   18.406000   25.417000  -26.576000   -0.844000   67.889000    8.088000   11.273000   46.079000   82.797000    0.302000   83.092000   -4.667000  -30.260000   56.936000   -2.559000   45.225000  -42.234000   54.647000    2.518000   24.604000  -12.933000   52.851000   -0.194000   -5.536000  -50.374000   36.583000  -10.715000   -5.698000 -103.210000   12.765000  -24.751000  -15.077000  -93.375000   -4.295000  -24.933000  132.037000  -54.025000   12.204000   30.058000  -13.204000  -28.249000   43.949000   -0.654000    9.375000  -79.284000   39.327000    1.270000   14.757000  -68.362000   31.932000   -8.075000   -0.538000   -9.178000   12.161000   -8.269000  -14.712000   -5.936000   -5.202000   13.250000   -9.582000  -34.999000    0.812000    4.671000   34.905000  -35.613000   48.535000  -31.537000  -74.554000  -32.611000   -1.666000  -13.197000   -6.490000  -53.927000   10.955000   -8.456000   59.938000  -63.910000   31.555000   -2.199000    8.850000  -18.559000   18.530000   -0.585000  -18.535000    9.007000    3.152000   33.070000   24.219000  -16.616000   39.794000   31.477000  -52.047000  -22.817000   57.779000   -5.675000  -32.882000  -32.007000    0.608000  -27.827000  -37.288000 -124.507000    0.063000  -24.872000   24.846000 -175.972000   -8.021000   62.103000   11.687000  -60.661000  -16.575000   66.335000  -15.909000   25.382000   60.969000   19.300000   13.768000  -66.964000  118.425000    8.299000  -96.385000 -143.166000   42.393000  -15.918000 
   5.612500  -22.137250  -18.512500    7.863750   17.648750    7.117500  -33.980750   32.157000   57.633250    1.620250  -24.070000   61.117500   46.322500 -116.055000  -11.087500   29.985000  -54.205250 -158.855000  -45.073750   -1.501000  -79.351750 -118.891500  -40.801500   -7.448250  -44.189000  -56.491500  -10.541250   -3.037250  -10.131250 -113.223750  -11.666750   -4.060250   20.156750  -79.455500    8.015250   -0.895500   59.859250  -45.422250   43.207750    4.255750   -0.314000  -18.310250  -36.317000    1.748750  -32.329000   -0.016000  -47.942500    1.456500  -12.103750    5.999500  -18.709750    5.368500   -1.094500    2.690500   -3.344000    4.135500   15.761000   14.123750   16.945500   -0.610250   44.190250    9.427000   28.946500   -0.598250    9.323250   -6.646000  -17.236500   -1.260250  -20.309500   12.125250  -28.828000   -2.691250   -5.922250   26.434000   -6.738250    5.166000    4.259000   24.488500   -0.131750   31.945750   17.367250   10.975500    0.060500   29.626750   37.885750   31.791250   15.806500    3.194000   29.733750  -10.577250    2.341750    0.820750   -1.382750  -25.427000    3.594000   -4.242250   -4.877750  -66.822250    2.629500   -6.405000   -1.413250  -78.810000    1.448750   -5.504000   10.259500  -55.007500    2.107500    0.205500   44.445500   -9.836250    3.586000   10.288250   48.092750    9.227750    7.284750    7.195250   21.482500    5.642750    4.315500    0.913750   11.884250   -7.914250    1.774250    5.386250    5.759250  -24.245750    7.215250    9.812750    2.638250  -16.601500    7.757000    7.796250    6.398250  -14.339750    8.200500   -3.656000  -15.580000   -8.232000   11.295000  -11.825500   43.682750   32.396000   10.518500   14.763250   -5.905000  -10.916750   -1.381250    3.621000    3.309500  -49.185000   -9.261250    4.265250   40.036250  -65.111000    4.878750   13.010000   20.171250  -60.130750   10.323000    7.062500    1.077250  -44.987750    5.593500   -5.159500  -29.955500  -26.861750    8.914750   -2.552500  -11.550500    4.465750    1.450750    4.924500  -37.842000  -15.803000   -0.229250   -4.956750  -15.477250  -44.900500   -2.462750  -18.315500   38.019250  -77.065250   -1.497500   16.882500   14.019000  -46.800750  -15.632750   14.775000    2.982000  -27.812250   -3.916250   -2.569000   11.411250  -17.251500    1.325750    0.250500 
 -22.327500   68.929750   22.492500  -13.066250   28.593750  247.457500   50.058250    7.373000  297.084250  138.477250  123.085000   46.322500  807.817500 -610.125000   70.422500   67.600000  159.592750 -1187.185000 -311.048750  -47.184000 -448.745750 -903.493500 -296.593500  -71.434250 -311.036000 -427.023500  -85.301250  -19.550250  -28.476250 -243.138750  -16.580750  -17.782250  112.100750 -268.944500   16.217250   -6.234500  447.653250 -151.835250  114.044750    6.661750  226.504000 -166.062250 -209.273000   -7.461250 -108.361000 -131.534000 -356.482500    3.318500  -78.248750   -7.919500 -135.527750   28.286500   -8.860500   27.649500  -23.211000   27.269500   37.154000   -1.486250   48.369500   -1.297250  203.967250    5.858000  124.913500    4.620750  223.704250   38.251000   -1.083500   11.922750  -60.765500   97.637250 -122.517000  -42.806250  -43.130250  145.541000  -45.234250  -12.411000   15.616000  219.276500    2.594250   93.706750  144.510250  218.714500    4.094500  190.960750  145.161750  222.936250  187.998500   -3.749000  113.918750  -79.890250   91.470750    1.731750   -6.624750 -164.693000    5.931000  -21.405250  -21.824750 -336.815250  -24.299500  -42.460000   -8.729250 -443.365000    3.273750  -70.166000   -8.479500 -321.132500   -3.842500  -83.730500  421.974500  -76.086250   28.519000   -1.365750  116.864750  106.449750   48.862750    6.017250   54.842500 -246.570250  -16.545500   -4.066250   51.303250 -263.123250  -11.596750  -20.738750   19.943250 -108.801750   31.897250  -18.425250    5.674250  -16.968500   47.243000    2.871250  -15.465750   -1.147750   27.379500  -43.309000   60.700000  -49.408000   74.195000 -112.079500 -188.315250  -68.421000  -46.673500  -16.795750  -45.780000 -139.000750  -48.061250  -23.906000  127.145500 -209.375000    9.128750  -18.662750  106.691250 -167.969000   74.238750  -26.155000   37.006250  -68.416750   76.622000    3.132500   65.670250  -63.194750   55.046500    3.089500 -109.219500  -19.855750   19.607750   -8.317500 -190.039500 -147.423250  -11.878250  -79.124500  -91.238000 -298.472000  -23.988250 -170.150750  154.174750 -444.459500  -10.389750  -52.319500  155.393250 -269.117250   -0.312500   68.867500   51.926000  -64.471750   32.815250   28.505000  108.083000 -141.805250   67.723750    5.619000  -70.848750 -229.753500  -11.893250  -19.370500 
  54.645000  395.465500   94.530000  -73.997500  -18.347500  346.615000   52.663500  -71.346000 -428.733500 1005.035500 -202.345000 -116.055000 -610.125000 2305.160000 -142.320000  -23.575000  211.929500 2104.280000  333.822500  137.978000  478.751500 1167.137000  232.392000   80.423500  315.452000  517.887000   85.182500   15.980500  -24.772500   -8.662500   -1.538500  -17.000500 -240.866500 -246.126000 -153.239500  -19.276000 -573.861500 -120.634500 -268.129500  -39.533500 -113.703000  170.199500  306.881000  -30.012500  154.922000   60.918000  383.495000  -25.587000   84.317500  -90.496000  138.460500  -47.383000    7.176000  -60.934000   28.747000  -47.224000  -72.568000  -23.997500  -96.794000   -1.700500 -277.269500  227.454000 -126.562000  -10.111500 -167.433500  294.938000    7.217000  -11.300500   59.911000  152.005500   23.269000   20.307500   56.690500   24.513000  -19.441500    7.397000  -14.207000  -69.913000   -7.328500 -165.128500 -183.185500  -79.014000   -5.264000 -265.086500 -159.853500   57.182500 -172.122000  -26.872000 -170.652500  292.285500 -193.421500    1.946500  -36.600500  316.156000 -172.572000   11.260500    6.864500  394.090500  -89.111000   16.835000   11.388500  528.905000  -50.382500   39.352000    5.229000  519.435000  -10.500000   13.686000 -351.429000  329.787500  -14.873000  -73.368500 -219.939500   73.365500 -208.280500  -55.054500 -112.110000  295.525500 -157.984000    0.657500 -107.191500  357.366500  -81.161500   34.837500  -26.201500  143.233500  -64.964500    9.295500   24.516500  154.427000  -20.381000  -86.382500    4.776500  240.215500  -26.754000  -16.602000   49.355000  125.886000 -113.255000   34.519000   44.480500  -86.478000  -72.653000    9.451500  174.825000  277.526500   13.317500   17.077000 -248.386000  406.570000  -32.212500   -5.164500 -212.167500  192.188000  -85.532500  -31.350000  -17.732500  177.618500  -48.124000 -184.070000  -40.315500  241.849500  -41.633000  -86.024000  176.539000  182.616500 -152.105500   22.280000  247.299000   84.696500   -4.088500   93.704000  367.896000  538.149000    0.966500  188.286500   -8.964500  955.679000   -0.280500  -54.956000 -144.286500  687.554500   47.785000 -327.975000   27.178000  232.758500   -8.365500 -142.370000  -19.561000  339.265500 -230.822500  -19.303000  263.097500  417.697000 -151.993500   32.361000 
 -95.067500 -561.963750  -44.037500  -25.543750   -9.943750 -233.707500   -0.821250   -6.400000  -33.951250  -92.016250  160.330000  -11.087500   70.422500 -142.320000  389.227500   -8.515000   93.211250 -304.050000  197.098750  -39.845000 -127.911250 -352.627500  -50.187500  -37.808750 -141.985000 -171.997500  -27.723750   -8.648750   -7.143750   11.238750    3.193750   -9.058750    9.821250   29.077500   43.023750   -1.687500   59.448750  -28.148750  224.186250    0.221250  -15.340000 -154.418750  180.090000  -10.078750  -92.110000 -186.865000  -66.977500  -10.002500  -52.656250  -90.602500  -58.311250    0.237500  -13.917500  -28.002500  -12.245000   -0.392500    2.870000  -53.318750    7.397500   -1.608750   78.338750  -99.505000   98.077500    3.591250  101.308750  -44.760000  209.372500   11.666250  -48.067500   20.578750   95.590000  -31.233750  -39.958750   27.720000   18.911250  -28.370000  -15.115000   69.372500    4.358750   39.066250  -19.036250   46.527500   -2.387500   80.596250   -3.998750  -24.836250  146.047500   -1.780000   85.711250  -35.648750  188.921250   10.091250   38.003750   63.325000  140.005000    6.406250   -5.301250   18.186250   81.942500  -16.170000  -11.713750  -81.860000   25.826250  -25.830000  -47.527500  -73.172500   -2.182500    3.487500   92.977500  -32.213750   -3.025000  128.123750   45.236250   61.656250  212.391250   -3.496250   -1.062500  -95.993750  111.867500    2.236250   11.503750 -105.073750   63.058750    0.288750    2.598750  -33.001250   12.293750    6.351250  -24.706250  -59.027500  -20.745000   38.368750  -57.656250 -143.731250  -22.637500   28.520000  185.860000  -96.070000   36.305000   18.937500  -75.063750   14.245000   54.742500  -16.536250  -22.970000 -105.706250   22.066250   -9.020000   80.332500 -122.415000   55.591250    1.198750   60.298750  -41.380000   34.436250   21.115000  -13.961250   -5.071250  -21.650000   95.182500  -16.751250  -18.031250    3.962500  117.982500   81.162500  -23.366250  122.321250    9.737500  -88.977500  -44.313750    4.246250  -34.907500  -73.445000 -194.640000    4.566250  -27.406250   39.451250 -278.262500    0.218750  102.672500   80.498750 -133.828750  -35.212500  131.237500   -3.425000  130.103750   -7.116250   61.565000   34.040000   77.106250  158.216250   40.675000  -49.886250 -105.372500  159.291250  -12.992500 
   3.855000   81.848000    6.150000    9.465000    2.815000   75.730000   -6.364000    6.869000   11.719000   95.848000  -17.500000   29.985000   67.600000  -23.575000   -8.515000   73.010000    7.692000 -173.225000  -34.610000   33.073000  -77.206000 -147.383000  -45.518000   -8.429000  -64.823000  -81.753000  -15.800000   -3.762000  -12.880000  -84.625000   -8.796000   -3.773000   -0.164000  -81.776000   -3.027000   -2.281000   21.416000  -37.792000   28.078000    0.274000   33.837000  -17.353000    7.146000    2.760000   -9.563000  -34.877000  -44.510000    3.998000  -16.120000  -34.551000  -27.457000    2.432000   -4.259000  -14.744000   -5.623000   -1.334000    8.542000   30.110000    8.366000   -0.558000   16.058000   20.799000   25.568000   -0.359000    7.159000    4.493000    2.297000    1.877000   -7.589000   20.663000  -26.306000    0.140000   -3.542000   24.838000  -15.774000   16.982000    7.918000   -9.943000   -3.036000   37.809000   -5.068000  -24.109000    1.926000    5.701000   17.214000   22.800000    5.723000   -1.457000    5.580000    5.393000    8.761000   -0.456000   -7.298000  -27.554000   -4.262000   -3.922000   -3.818000  -56.592000   -6.801000   -5.725000    1.736000  -60.100000    0.000000   -0.548000   29.989000  -44.695000    1.390000   14.756000    2.386000   -9.190000    4.657000    2.209000   17.168000   -8.792000    4.752000    3.588000   10.085000    3.838000   -0.709000    0.190000    9.631000    5.904000   -1.364000    5.305000    9.466000   13.906000   19.568000    7.908000    8.254000   43.802000   19.589000    2.345000   21.054000   32.988000    4.131000   -1.807000  -35.905000    0.516000  -12.615000   -3.026000   19.528000   -1.468000   -1.613000   16.099000    2.105000  -11.341000   -0.095000    3.747000    0.269000  -43.290000    2.620000    0.363000   31.870000  -63.717000   15.645000   -0.240000   14.490000  -57.544000   22.616000  -15.290000   -8.733000  -42.893000   18.167000  -13.609000  -43.581000    3.934000   -7.308000    7.105000  -12.101000   -6.836000   -0.716000   10.349000  -12.749000    0.369000   -0.291000    3.949000    9.738000   -4.506000    0.762000   -9.706000   20.551000  -43.553000    9.845000  -14.965000   -4.257000  -73.564000   17.537000   -7.670000  -19.796000  -61.327000   15.320000  -11.693000  -30.390000  -37.868000   -2.681000   -4.449000 
