  26.311975  133.528175    6.763225    7.903375    9.045600  119.668825   10.225425    2.178700  -26.257950   68.684400   17.392100   10.487350  -79.196050   45.021075    6.425300    3.062525   -2.428725   13.288250   -3.068775   -1.594550    0.885825   -8.766225   -3.388025    0.701425    0.511875    4.196200   -0.637225    3.832950   21.809500    1.448675  -11.437650    5.606175    3.581750   -5.341675  -12.008825    1.819200   25.570300  -30.691300  -11.248850    6.658300   -1.915900  -28.272475   -9.602425   -0.296600  -10.085450  -33.459625  -16.796925   -1.415300   -0.957175  -17.525975   -6.145625    1.660875    0.720150   18.452825   -0.563575   -4.351450   -9.162300 -118.611500  -10.367650   -3.457600    2.956000  -46.478675   -9.708300    5.210575   43.823850  -44.690325   -5.131300    5.246875   -7.449150  -24.114875   -7.648975   -0.247350  -14.457925  -10.334075   -5.314625   -0.683025    0.249300   -1.145575   -1.810875    1.453350   -4.331525   30.357375   -1.104325   -8.910325   45.226800   33.995550   12.995000    3.115650    0.118425    5.404450  -13.454950    7.269725   18.290125  -28.341000   -8.253300    5.047975  -15.282775  -11.144500   -1.898775   -3.973450  -16.444825   -1.087475   -0.561000   -2.406500   -5.668450   -1.263000    0.192475   -3.793875   -4.550375   -9.693825   -0.039850   -9.286950   32.543750   24.921225   -3.483950    4.327775  -20.226450    0.689025  -13.256650   -7.944725   14.249075  -12.771750   -2.826600   -4.033525  -16.636675   -5.857775   -3.367550   -4.707350  -17.454100   -0.279975   -1.176925   -1.748000   -1.484975    2.817475    1.536850    1.326650    9.443450   -7.096700    0.082550    2.088350   18.761150   21.753750    0.866275    0.679525   -9.707150   14.014025    3.761750  -12.862175    6.122775  -13.772475   -4.794800    0.707250  -16.860775   -0.976025   -7.527125    1.739275  -12.234125   10.618825    2.238350   -1.886550   -7.500925   12.465750    7.789150   -0.402575    1.702200   13.987375    7.669900   -0.935675    6.614575   15.074825    0.650525    6.104875   -2.154225   12.300250    2.445025    0.082750   -3.301750   -7.746925    0.751775   11.985100  -16.481375    5.703225   -1.457275    5.588225   -1.396500   -7.137750   -3.637925   -8.205425   -6.837550  -15.994900   -6.129275   -2.049425   -6.371325    1.027875   -0.851350   -0.982700 
 133.528175 1558.938775  101.454425   78.321375   99.562800 1170.012225   98.483025   17.248100 -224.438350  730.187200  155.232300   28.495550 -742.223650  409.856475   96.328900   -8.719675  -47.755925  183.582250   14.298425    3.405850   41.253225  -41.298425  -15.361825   18.306025   -5.813125   47.705600   -7.046425   30.583350   90.273500  563.140275  -41.739450   57.782775   26.462750  132.285725 -105.442225    7.754600  182.728900 -235.636900  -95.955050   60.037900   22.628300 -285.664675  -90.489025   -7.750800  -89.130850 -455.197625 -168.322525  -26.833900  -27.675775 -194.185175  -65.780625   36.108875  -24.013050  142.224225   -2.543975   21.221150 -110.149900 -1346.364500 -122.699450  -36.128800   61.763000 -639.585275  -67.612900   15.649975  333.010050 -421.566725  -24.201900   37.436875  -34.038950 -275.115875  -93.779175   19.334450  -83.775525 -173.135475  -65.112625   -5.176825   -0.254100  -24.679975  -11.823875   35.568550    0.237675  144.248375    5.251275  -12.201725  319.183400   85.662150   73.145000   20.738450  117.872025 -107.547150  -70.674350   27.883925  177.369125 -334.573000  -59.272900   12.776175 -131.853575  -88.518500  -18.966575    7.125150  -93.835225   -7.479675    0.037000   -8.609500  -47.639850  -17.374000   -0.590325   -6.357875   19.392625  -31.557225    3.751950   -6.030350  128.728750   81.428425  -63.156350   47.023575  -99.598850 -110.640175 -123.091450  -42.533925  108.735475 -203.722750  -41.700800  -46.848325  -56.669275  -68.333575  -15.593150  -36.820550  -81.023300    0.407825   -3.967525   -6.944000  -35.422175    3.419675   11.954050    2.616450  149.809850  -64.442100   26.848150   26.988550   91.684950   59.253750    8.319075   18.161325  -40.682950    5.194825   24.252750  -59.105775   26.338575  -86.449675  -10.502400    4.614250  -91.232575   19.419175  -23.260125   15.808075  -45.076125   83.402225   27.488550   -9.840150  -49.564525   93.634750   62.183950   14.754025   14.393600  150.573375  132.943700  -25.071275  100.876975   89.155225    5.619325   61.910875    1.317575  166.603250   22.317825   28.180750  -36.657750   67.677475   31.440575   53.456300  -83.095375  -45.535575   22.122925   43.104425   27.590500  -92.450750  -47.950525  -31.638025  -35.598150 -115.413700  -42.918075   -5.990025  -84.354725    7.269875   64.507450   -9.400100 
   6.763225  101.454425   20.941975    1.649625   -0.459400  100.287575   16.689175    0.853700  -54.255450   72.324400   22.287100   -2.425150  -63.298550   52.977325   17.200300    0.511275   13.252525   51.600750    9.579975    2.912950    6.754575    3.885025    2.063225   -2.249825   -4.191875   -0.738800   -0.300975   -2.974550    5.259500   55.709925   18.414850    1.297425   -1.180750    6.112075    1.177425   -0.310800    0.290300  -12.861300   -7.421350    4.108300   17.169100  -31.878725   -9.301175   -2.546600    1.792050  -42.788375  -12.625675   -3.630300   -5.898425  -19.242225   -4.584375   -2.997875   -5.547350   -3.023425   -0.629825   -9.188950  -11.647300 -123.051500  -11.375150   -4.492600    3.186000  -74.544925    4.246700   -0.688175   12.361350  -30.234075    4.068700    2.828125   10.093350  -23.951125   -7.185225    6.760150    6.203325  -22.260325   -6.013375    0.473225    4.604300   -7.031825   -0.557125    7.230850   11.909725   18.703625    1.091925   14.785925   22.681800  -18.536950    3.985000    2.133150   17.627175  -31.028050    7.077550    1.648475    4.333875  -36.626000   -1.113300    0.639225    5.735975   -5.364500   -1.745025    3.029050    7.736425   -1.143725    0.599000    0.888500   -3.475950   -5.028000   -0.281275    1.084875   20.273375   10.757425   -0.252350   24.640550    6.366250   -2.005025   -4.826450    8.304025    4.171050  -24.802225  -10.364150   -0.003475    3.415325  -27.059250   -3.591600   -5.157275   10.947075   -7.769025    2.079950   -5.069850    6.435900   -0.091225    0.884325   -0.778000   -3.166225   -1.226275    0.674350   -2.015850    8.525950   -7.281700   -1.229950    2.310850  -10.091350    4.401250    0.962525    4.903275    1.325350   -1.037225    0.664250    2.641575   -4.735975   -0.193725    0.835200    0.869750    0.342975    4.385225    3.584125   -3.024475    1.112125    7.177575    3.330850   -2.199050   -6.119675    4.968250    8.581650   -0.888825   -3.127800    8.923625   14.704900   -4.326925   -0.329175   -5.776425   -0.045725    0.666125   -1.237975    1.037750    0.208775    1.455250   -2.704250    8.369325    2.773025   -0.769900    7.342375   -7.543025    1.996475   -3.893025    1.953500  -17.330250   -1.716675   -4.074175   -2.795050  -13.989900    9.179475   -0.938175   -6.070075   -9.830875    9.621150   -2.562700 
   7.903375   78.321375    1.649625    9.704375    1.209000   54.988625    1.287625    0.250500  -16.031750   31.896000    5.091500    1.217750  -26.938250   17.774875    3.724500    0.284125    1.717875    0.641250    0.909625    0.544250    1.273625   -1.719625   -1.046625    2.977625    2.416875    6.373000   -0.284625    6.161750   -1.697500  -16.931125   -5.712250    5.206375    4.063750  -14.503875   -6.113625    1.223000   17.279500  -18.979500   -3.725250    0.864500   -3.858500  -11.765875   -3.812625   -0.764000   -5.374250  -12.875625   -5.155125   -0.689500   -1.591375   -6.013375   -2.010625    1.731875   -1.050250   13.913625    0.532625    1.540750   -3.509500  -42.697500   -3.492250   -1.249000    7.095000  -16.708875   -0.974500    0.482375   18.435250  -14.831125   -1.504500   -0.308125   -9.814750   -9.071875   -3.493375   -0.362750   -4.340125   -2.799875   -1.680625   -0.206625   -3.460500   -2.407375   -0.201875   -2.087250   -6.704125   -5.010625    0.098875   -9.086125   12.452000   18.600750    4.765000   -0.132750    6.087625    3.489250   -5.381750    0.622125   10.563125  -13.320000   -4.589500    0.003375   -9.820375   -5.057500   -1.160375   -0.579250   -4.833625   -0.600875    0.085000   -0.677500   -2.324250   -0.305000   -0.269125   -0.856875   -3.734375   -2.283625    0.089750   -6.426750   -2.551250    4.184625   -3.146750   -0.654625   -8.734250   -8.313375   -4.982250   -1.592125    5.779875   -9.203750    0.451000   -1.919125   -7.768875   -2.080375    0.559250   -1.287750   -6.011500    0.076625   -0.090125   -0.610000   -1.063375    1.750875    0.295250    0.527250    7.969250    4.549500    3.220750    2.387750   -4.515250    4.748750    0.857875   -0.195875   -4.424750    8.131625    3.368750   -2.556375    0.405375   -2.575875    2.738000    0.131250   -7.990375    0.588375    0.076875   -0.037125   -5.468125    6.488625    2.037750   -0.985750   -3.525125    9.408750    0.984750    1.112625    5.378000   12.744375    6.838500    0.876125    0.922375   -2.286375    0.204125    0.501875   -0.354625    3.861250    0.641625    1.108750    0.216250    1.839875    1.235375    3.561500   -4.934375    2.724625    2.012125    1.129625   -3.342500    3.041250   -4.145125   -5.807625   -1.980750   -4.468500   -2.017875   -0.627625   -7.026125    1.096875    1.697250   -0.645500 
   9.045600   99.562800   -0.459400    1.209000  600.953600  163.789200   18.018800   65.527200  547.154800  182.601400  -21.552400  181.416600 -837.158800 -103.499800  -80.663200  -38.938600 -259.968600 -196.138000  -82.291400  -37.504800  -23.238800  -81.483600  -32.619400   17.229800  -17.370000   -9.922800   -5.174600   -9.519800   41.282000   89.270800  -25.928400   25.700800  138.278000  -12.633800  -27.084200   24.095200  230.026800 -307.657800  -37.960600   60.904800 -243.840400   69.581400  -53.615800  -14.259600 -145.210200 -176.584000  -95.077800   -5.706800   48.043200  -87.749600  -23.395000   83.719000    3.248400  -46.821800    1.874800   46.363800   28.921200  -62.989000  -10.753400   14.574400   50.656000  110.214200  -32.549800   39.147200  321.380600 -185.028200  -28.922800   60.630000 -275.027400 -111.288000  -53.002600  -24.081600 -166.748800   -2.358200  -28.979000   10.705600   79.495800   47.217800   10.021000  110.672600  -26.870400  -50.222000   -2.102200   12.671800  238.750800  235.100800   88.950000   23.476400   10.601800  189.359200  -64.092200   31.669600  257.732000 -163.771000  -71.334800   42.416600 -156.015400 -121.687000  -68.786400  -16.993200 -182.285200   13.086400   -7.846000    1.886000   63.481800   83.752000   12.688600   82.058000  -26.531000  -79.299200   -5.751600   43.235800  284.700000  134.173600  -27.916200   76.915400  -66.476200   73.860400  -66.222400  -27.894600  197.343200  -67.723000  -37.424600  -11.932400 -115.808800  -56.870400  -78.992800    2.678400 -140.504600    2.676400  -17.592800   -3.853000  160.076400   44.228600   17.033600   45.707400  -53.701800   -8.810200  -22.962200   32.592600   68.419400  177.500000  -16.443600   65.813400  -40.295400  103.305400    8.103000  -54.451800  136.395400 -118.093600  -35.518800    4.731000  -49.708400  -66.307400  -77.829000   26.134400  -54.121000   -5.760800   16.847600   -6.951800  244.548200   -2.808000   34.167400   23.070800 -178.441800  -16.477000  -88.410600   30.492200  -21.433800   58.525200   -3.380600    2.778000  -14.611600   37.199000   -7.143600  -12.821000   40.632000  -16.092800  -30.915600   70.205600  -61.582000   56.880600  -13.382400   76.130600   -0.144000  -15.084000   73.956200  -43.063800  119.372200 -142.324400  -45.374400  -17.427800 -120.014200  -28.029000 -111.805600   13.788800 
 119.668825 1170.012225  100.287575   54.988625  163.789200 1179.356775  103.637975   31.405900 -202.020650  808.905800  168.269700   61.256450 -843.867350  426.532525  104.082100   -5.907325  -60.836075  232.637750   22.438575    1.243150   22.585775  -33.128575   -7.836175    8.389975  -29.736875   38.323400   -6.715575   18.175650  106.511500  390.320725   -5.458550   40.943225   46.917250  141.858275  -60.801775   12.959400  160.307100 -241.639100  -79.411950   57.673100  -31.136300 -256.437325  -88.121975  -32.216200  -86.943150 -446.932375 -168.353475  -31.802100  -55.060225 -235.686825  -73.959375   15.801125  -38.208950  115.729775   -8.530025   15.964850  -95.846100 -1269.180500 -119.783550  -34.903200   57.472000 -596.985725  -52.723100   21.904025  355.621950 -475.597275  -15.994100   37.273125  -57.724050 -314.154125  -98.102825   10.628550  -83.325475 -202.163525  -74.532375    1.263825   -8.674900   -7.114025  -23.251125   60.983450   11.759325  224.076625    0.469725  -16.587275  367.482600  139.188850   96.835000   22.994550  104.253975  -71.678850  -52.224650   29.613075  226.475875 -363.707000  -56.578100    4.535825 -129.479425 -107.906500  -33.181425  -11.959150  -96.718775   -4.002325   -3.457000   -1.600500  -50.479150   25.714000   -3.407675   11.322875   12.277375   11.318225   -3.328950  -22.943650  264.201250  208.218575  -43.152650   73.314425 -116.750150  -83.661825 -123.051550  -59.688075  160.883525 -215.492250  -34.696200  -76.974675  -70.701725  -78.579425  -24.962850  -54.781450  -95.063700   -0.149825   -3.748475  -10.761000    0.865175    3.707325    9.312950    1.476550  127.144150  -94.271900   -1.782150    7.563450  126.613050  203.816250    7.518925   39.256675  -46.865050  106.028175   31.887250  -88.315225   64.239425 -120.657325  -18.378600  -17.194250 -115.690425   -5.577175  -37.234875   -7.410075  -70.763875   68.746775   27.288450  -17.845850  -34.331475   80.895250   65.339050   10.296975   17.395400  139.741625  101.639300   -3.389725   90.572025  111.138775    5.698675   37.494125    3.525425  131.966750   22.180175    5.664250    4.192750   32.426525   12.922425   88.105700 -133.579625   26.387575    6.414075   46.637575  -14.850500  -64.309250  -31.575475  -58.217975  -51.082850  -72.664300  -34.994925   -9.485975  -65.119275   95.825125   44.105550   -5.943900 
  10.225425   98.483025   16.689175    1.287625   18.018800  103.637975   31.114775    2.635100  -58.207850   95.646200   45.563300    3.434050 -121.149150   78.304725   39.941900   -0.711925   21.454325   48.724750   21.498175    0.565350    5.013975   -5.713175    0.035425   -2.367225  -10.971875   -6.992400   -1.111175   -7.397150   11.603500   60.889525   21.859050    2.552025    8.325250    1.211475   17.357025    2.136600    9.496900  -45.839900   -1.033550    6.060900    8.514300  -49.856925   -9.460775   -7.386800   -6.260350  -80.156375  -21.194275   -4.776900   -2.825025  -33.757425   -9.789375    3.170125   -6.281550  -10.840025   -1.222225   -7.253350  -13.502900 -152.729500  -11.330950   -3.984800   10.238000 -104.904525   -0.030900    1.838225   37.798550  -63.012475    3.740100    0.853125   -5.170450  -37.252125  -12.636425    2.220950   -3.592275  -32.738725  -10.721375    1.910425   15.793900    2.621775   -1.785125   22.062050   20.124925   36.229625    2.930525   24.672525   20.271400  -25.992350    1.295000    0.684950   26.538775  -45.727650    1.396150    3.558675   13.382875  -65.103000    0.024100   -4.986575  -18.283825  -12.993500   -4.426825   -1.444350   -3.405975   -0.131925   -0.268000    2.020500    7.525650    5.596000    2.461925    7.410875    8.626375   16.527025    3.518450   13.075150   11.421250    7.698175   -1.655850    0.448825    7.611650  -23.722425  -11.492950   -3.948675    7.673725  -44.430250   -6.331800   -7.196075  -14.413525  -13.228825   -0.963650   -7.729050   -1.644300    0.700575    1.695725   -1.229000   22.140575    5.796925    9.482550   -0.052050   -3.750650  -10.194100    4.058650   -9.377950    2.786450   14.211250    1.919325    3.539075   10.170550  -16.997425    5.325250   -4.270025   13.518825  -31.081925   -3.600400    1.326750  -22.517825   -0.108575   -2.238875   -3.471675   -1.699875   12.042975   15.872050   -2.995650   14.483725   10.687250   31.500450   -1.329225  -21.294400    7.189625   12.782700   -4.780525    6.900225    3.990975    0.837075    4.692125   16.912825    2.405750    3.665575    7.213250    9.709750   11.240725    3.670825   13.257300   -7.896625    9.764175   10.382675  -15.855825   11.890500  -47.088250   20.027725  -21.224775    7.496350  -59.027700    1.421675   -4.236775  -26.750475  -44.253875  -21.211050   -3.427100 
   2.178700   17.248100    0.853700    0.250500   65.527200   31.405900    2.635100   18.974400   33.574600   30.497800   -3.214800   38.853200 -103.677600   -7.207100   -9.721400   -4.049700  -29.149700  -21.816000   -9.160300   -2.829600   -5.415100  -14.179700   -4.261300    0.462100   -4.342500   -4.110600   -0.741700   -2.459600    6.834000   21.654100   -1.511800    1.154100    8.791000    3.534900   -2.980900    2.250400   23.398600  -26.370600   -2.691200    9.814600  -19.695800   16.215300   -5.614100    1.045800  -16.330400  -21.965500  -10.618100    0.596400   -2.636100  -11.236700   -5.322500    9.550500   -9.393200  -10.656100   -1.417900   -1.847400    1.122400   -3.038000   -0.451800    0.058800   -1.488000   21.370900   -2.579600    5.581900   40.936200  -15.408900   -3.150600    9.372500  -18.074800  -20.868500   -5.702700   -2.368200  -18.045100   -4.523900   -4.115500    2.908700    8.056600   15.903100   -1.095500   22.460200  -13.168300   -5.096500   -2.096900   -7.793900   28.321600   25.326600   14.080000    5.227800   -8.353900   30.093400   -4.044400    4.796700   31.166500  -10.637000   -6.674600    9.330700   -9.468300  -14.574000   -5.940300   -1.611400  -21.527900    1.180300   -0.937000    1.027000   12.413600    8.914000    2.204700   14.373500   -5.664500  -14.705900   -1.773200    6.081600   19.335000   18.654700    0.477600   12.948300  -19.957400   20.693300   -4.354800   -2.206700   22.023900    1.394000   -1.724200   -0.487300   -6.315100   -6.308300   -6.060600    0.531800  -21.379200   -0.209700   -1.878100   -0.921000   16.325300    2.994700    2.482200    6.549800   -5.743600   -5.310400   -4.574400   10.840200   -2.096200   16.930000   -0.544700    5.549300   -9.440800   11.783300    0.846000   -7.791100   18.243300  -12.364700   -4.212600    1.467000   -5.764300   -8.142300   -8.110500    4.291300  -14.354500   -1.229100    0.020200   -1.318600   17.533900    1.409000    1.039800    3.414100  -10.783600    2.273500  -14.401200   19.136900   -5.885100    3.672900   -0.208700   -1.381500   -1.535700   -3.217000   -1.044700   -2.587000    6.114000   -4.488100   -4.428700    6.531200   -6.691500    9.048700   -1.872300    8.368700   -3.393000    3.252000    4.129900   -2.030100    7.334400    4.106200   -9.996300   -1.338100  -10.690900   20.614500   -1.011200    6.627600 
 -26.257950 -224.438350  -54.255450  -16.031750  547.154800 -202.020650  -58.207850   33.574600 2810.843900  -99.899800  -83.533200  311.991300 -824.955900 -436.200150 -334.002600  -50.981050 -1282.628550 -597.891500 -290.411450 -162.658900  -41.214650 -280.438550 -102.272950   50.860150    2.941250   18.809600  -20.596550   48.476100   79.526000  703.225650 -173.148700   39.985650  132.331500  436.675350 -127.849350   30.753600  870.022400 -537.770400  -67.153300  148.546400 -475.172200  216.548950  -68.478150   20.632200 -560.291100 -105.390750 -153.969150  -46.622400  212.401350 -280.994050  -75.093750  151.428250  151.873700  233.181350    5.225150  358.805900    3.726600  218.093000 -146.168700   15.839200   37.658000  521.009350 -143.001400   41.970850 1019.313300 -354.331350 -150.705400  114.141250 -409.335700 -338.285250 -148.383050  -53.381300 -720.962150   47.141150  -86.995750  -11.587950  181.854400   30.839150   18.831750  157.964300   64.349050  180.170250    4.901650  271.208650  387.369400  314.956900  225.695000   29.902700 -176.588850  687.848100  -96.802100   50.571550  707.669750 -262.348000 -195.706400  110.115050 -237.628450 -409.506000 -180.326450    5.749900 -626.637350   12.103950  -42.488000   -9.157000   76.759900   49.231000   16.291050   88.897750 -157.579250 -312.169350   -7.236300 -167.243100  850.467500  475.768550   66.165900  204.888450 -307.124100  408.315950 -122.510700  -17.711550  471.513850  -14.821500  -75.257800   -8.966950 -220.139650 -124.078450 -187.967900   43.458700 -411.672800    0.928950  -71.089150    4.741000  375.118950   31.536050   -0.962700   65.345700  233.920100 -183.363600  -37.172100  -92.675700  292.581700  427.332500  -28.103550  246.929950 -187.384700  490.840950  -12.018500  -42.858650  265.668450  -56.216050  -31.133400  -69.754500  -13.042450 -137.171950 -184.885750   60.455450 -182.441750  -70.095650  -61.635700    5.730100  591.533850  -92.866500   -2.394300   47.958150  394.502600 -150.559750  -96.180800   25.528350  -24.242150  176.287350   -6.497050   40.230250  -90.322550  239.999500  -34.046050  -16.280500  -12.896500  -42.744150  -73.404550   76.230800 -112.877250   63.264550 -117.359450  232.614550 -106.517000  185.580500   13.892850   38.542850  203.932100  -40.564200   74.744550    1.155850   -3.354350   -5.270750   50.896700   24.253400 
  68.684400  730.187200   72.324400   31.896000  182.601400  808.905800   95.646200   30.497800  -99.899800  906.143600  148.867400   82.018400 -823.206200  518.059800  142.848200   16.328600  -46.831400  222.008000   60.756400   15.569800   -9.821200  -17.036400   -4.335600   -9.854800  -54.255000    3.572800   -7.725400  -16.305200   47.543000  281.754200   33.813400   19.184200   51.422000   89.613800   27.214200   14.764800  117.243200 -245.462200  -10.529400   35.665200  -67.969600 -233.681400  -60.529200  -36.935400  -60.059800 -408.116000 -134.697200  -28.928200  -84.763200 -231.270400  -77.710000  -10.804000  -93.283400   29.716800  -14.439800  -37.578800  -83.491200 -902.606000  -76.531600  -26.824400   52.739000 -478.314200  -22.095200   15.782800  257.779400 -436.271800   14.412800   19.020000 -103.617600 -288.602000  -73.077400   -9.093400  -28.401200 -185.706800  -71.196000    6.964400   24.229200   35.577200  -26.766000   89.612400    1.520400  179.717000    2.567200  -21.961800  216.819200   82.594200   48.060000   19.778600   80.203200 -109.084200  -17.417800    9.190400  160.513000 -344.274000    1.239800  -41.871600 -153.374600  -89.493000  -33.348600  -22.471800  -46.729800    7.688600   -4.349000   10.839000    2.203200   70.668000    2.836400   50.292000   23.196000  109.094200   10.271600   19.524200  164.875000  231.121400  -14.713800   36.384600 -122.858800  -55.480400  -45.177600  -76.660400   66.856800 -235.562000    2.179600  -97.197600 -124.156200  -78.414600  -16.537200  -63.328400  -35.040400    6.013600    5.797800   -8.137000   63.033600   25.261400   43.471400    9.727600  -56.588200  -41.449800   17.117200   -9.947600  101.970600  221.970000   21.528600   13.141600   20.600400   24.934600   50.677000 -115.113200   85.184600 -225.066400  -13.426200  -60.426000 -163.041600  -36.537600  -33.681000  -52.029400  -32.004000   59.590800   71.642400  -23.023200  -11.428200   76.308000  105.532600    9.109200 -130.263200  105.452000   77.570600   33.397800   81.473800   56.764800    3.600600   28.952000  134.696600  113.516000   13.298600   40.716000   64.533000  194.102800   10.735600   83.739400 -183.328000  184.814400   53.907400  -82.700600    1.004000 -146.846000   35.098800  -83.241200  -88.102200 -107.285600  -64.190600   -7.797200  -84.495800   94.449000   -5.574400   10.521200 
  17.392100  155.232300   22.287100    5.091500  -21.552400  168.269700   45.563300   -3.214800  -83.533200  148.867400  124.741600   -8.739400 -159.765800  160.075700  108.788800   -1.300100   19.424900   80.062000   43.165100   -2.506800   15.506700  -13.595100    0.062100   -0.785700  -12.607500    0.925200   -2.321100    2.418200    5.647000   37.175300   35.780600    1.140300   15.413000   23.721700   28.760300    5.503200   54.493800  -79.019800   15.790400   11.261800   -0.551400  -90.665100   -4.705300  -14.958600  -33.683200 -148.706500  -34.867300  -11.163800   -7.276300  -74.811100  -20.132500   -1.758500    7.814400   34.918700   -2.210700   11.105800  -27.315800 -277.974000   -9.374400   -9.549600   26.591000 -198.925300   -8.281800    3.877700  136.814600 -146.173700   -2.394800    3.857500  -24.633400  -81.345500  -31.949100   -1.010600  -40.368300  -62.088700  -24.346500    1.022100   15.862800    1.562300   -6.731500   26.111600   48.781100   79.985500    5.892300   17.526300   35.382800    0.102800   -0.050000    2.922400   40.141300  -75.322800  -18.595200    7.826100   86.414500 -133.746000    4.013200   -8.936900  -56.958900  -28.022000   -7.679900    3.898800  -33.195700    0.329900   -2.541000    2.376000    7.763800    5.352000    1.995100    5.600500    6.486500   18.880300    3.584400  -31.627200   17.705000   90.910100   -0.994200   10.773900  -10.569200   16.258900  -25.008400   -3.516100   32.653700  -65.333000   -2.323600   -8.525900  -50.693300  -24.303900    1.920200  -12.935600  -21.918600    0.234900    2.102700   -2.923000   35.559900    5.215100   16.822600   -6.271600   38.131200  -26.043200   11.649800  -34.138400   -8.169600   56.380000    1.574900    2.821900    5.993600   -3.721100    5.008000  -15.596300   47.678900  -56.565100   -7.390800   10.046000  -78.226900   -2.880900   -3.896500   -3.627100  -24.333500   24.099700   26.276600   -6.428800   18.668700   26.632000   66.068400   -4.704700   25.201200   24.350500   61.310400  -17.327300   19.426700   12.505700    2.007900    0.950500   43.051900  -22.441000    6.704900   -0.721000   69.867000    9.657700    2.447900   38.014600  -29.499500   71.857100   20.369100  -29.397900   10.251000  -60.879000   48.201700  -50.223300   12.805200 -117.405400   16.957100   -8.822300  -35.389700  -92.616500  -34.774600   -8.179200 
  10.487350   28.495550   -2.425150    1.217750  181.416600   61.256450    3.434050   38.853200  311.991300   82.018400   -8.739400  209.477100 -445.520300  -58.835050  -40.649200   73.194650 -204.667850  -66.945500  -24.537150  -21.146300  -18.191550  -46.342850  -17.797650    1.930050  -13.071250   -9.916800   -2.783850   -0.921300   16.612000   49.393550   -7.527900   12.378550   21.430500   29.918450   -7.426450    6.571200  133.665800 -135.526800   -5.051100   38.253800  -79.542400   -1.480350  -11.781050   19.167400  -80.383700  -46.635250  -27.078050    0.499200    2.035450  -64.586350  -21.536250   23.467750  -48.872100  -30.639550   -3.404950   -4.384700   -7.242800    3.911000    5.702100    0.446400   -9.364000   94.761450   -1.248800   13.366950  147.496100  -61.760450  -14.471800   25.898750  -40.571900  -90.536750  -28.684350   -6.922100  -92.904050   -6.417950  -17.020250    3.697350   21.074800   28.623050    0.532250   55.823100  -54.228650   13.626750   -7.264450    6.449550   73.459800   36.282300   40.135000   14.720900  -44.017950   79.352700    3.439300   14.718850   84.903250  -54.926000  -17.013800   20.333350  -17.401150  -77.417000  -26.402150   -4.116700  -82.912450    4.149650   -4.486000    1.506000   50.193300   27.147000    9.075350   38.934250   16.285250  -29.946450    1.352900    4.322300   63.517500   58.602850    8.300300   35.406150  -58.489700   98.923650    8.338100   -6.588850   36.527950   22.909500   17.827400   -1.215650  -50.771550  -24.016150  -20.919300    3.417900  -55.372600    1.884650   -6.293050    1.167000   97.289650   20.175350   14.734100   27.166900   29.296700  -36.296200   -4.630700    7.233100    4.583900   58.662500    0.227150   18.686650  -26.439900   55.113650   10.910500  -28.684550   24.601150  -39.770350   -4.292800   -2.626500  -29.354150  -25.435650  -30.145250   11.090150  -25.157250   -0.863550    9.848100   -3.438300   64.897950   -6.000500   15.841900    9.241050   17.634200  -13.963250  -48.708600   46.994450  -21.804050    9.757450   -0.867350   -0.603250  -10.890850   -8.553500   -6.695350    1.226500  -26.410500  -14.008050  -18.379850   16.403600  -39.180750   -7.425150    0.241850   29.794850  -15.344000  -31.416500    3.440950   20.795950  -10.149300   23.473600  -38.890150   -3.478050    4.948550   71.689750   37.318900   18.847800 
 -79.196050 -742.223650  -63.298550  -26.938250 -837.158800 -843.867350 -121.149150 -103.677600 -824.955900 -823.206200 -159.765800 -445.520300 2510.067900 -249.007850 -106.864400  -68.129950  437.087550  -27.758500  -46.047550   35.410900  -61.193350  143.887550   46.778950  -28.057150   61.918750    6.102400   18.145550  -15.509100 -122.651000 -437.647650  -17.155300  -73.842650 -216.991500 -136.483350  -12.417650  -54.686600 -479.264400  660.222400   23.367300 -147.218400  502.088200  182.875050  108.350150   31.241800  272.074100  822.735750  261.551150   44.984400  -39.309350  423.928050  128.428750 -123.653250   82.690300    4.500650    5.512850  -79.657900   66.425400 1020.747000  120.619700    0.339800 -129.668000  393.262650   62.083400  -71.588850 -750.782300  702.849350   -3.887600  -98.881250  535.891700  481.800250  148.707050   34.040300  281.159150  247.711850  112.445750  -13.086050 -148.106400  -66.131150   -7.686750 -242.303300   17.521950 -216.585250  -11.663650 -129.410650 -431.016400 -171.203900 -160.725000  -41.508700 -100.803150 -111.181100   27.435100  -53.135550 -449.529750  571.883000   72.398400  -38.094050  403.794450  279.756000  126.242450   22.238100  300.670350  -20.229950    9.798000   -4.158000 -109.536900 -132.971000  -31.360050 -131.717750 -100.395750  153.587350   -9.149700  -23.213900 -471.422500 -370.792550  -18.127900  -95.949450  146.027100  -64.041950   85.921700  103.855550 -292.896850  307.746500   30.951800   63.052950  294.221650  165.224450  127.449900   30.645300  214.191800  -10.104950   25.941150   13.294000 -383.569950 -103.175050  -70.781300  -68.421700 -183.858100  128.821600  -61.894900   22.316700 -195.712700 -391.392500   -3.882450  -93.060950   20.985700 -102.241950  -77.306500  191.995650 -239.499450  363.260050   41.450400   12.644500  167.163450   90.117950  133.520750  -22.151450   88.051750  -80.667350  -90.413300   28.631900 -460.351850  -94.248500 -227.646700  -38.220150   84.879400  -98.720250  -29.430200  -48.641350  -31.180850 -135.150350    1.316050  -43.575250  -37.108450 -147.904500   -5.034950  -17.044500  -70.408500  -20.743850   18.598550 -165.649800  158.382250 -148.473550  -35.039550  -50.313550   10.407000  264.234500 -184.555850  115.389150 -142.975100  545.290200   44.571450   35.661150  218.152350  188.170750  232.742300   -9.980400 
  45.021075  409.856475   52.977325   17.774875 -103.499800  426.532525   78.304725   -7.207100 -436.200150  518.059800  160.075700  -58.835050 -249.007850  710.515775  200.585100   16.880425  177.904175  459.455250  145.003325   36.802650   24.721525   44.626675   25.216075  -19.703275  -30.130625   -2.154600   -2.835325   -7.724850   13.996500  133.409975   86.479950   -4.992525   -4.530250   36.539025   89.532475   -4.478600  -52.204900  -20.827100   35.249550   -8.288900   19.754700 -171.574575    2.276275  -52.132200   27.537350 -243.426125  -31.705225  -21.980100  -60.424475 -133.909075  -42.533125  -40.417625  -27.602450   38.125525   -9.843275  -54.759650  -45.689100 -551.770500   -6.220050  -27.439200   26.667000 -424.344975   17.508900   -4.657725   58.810450 -265.558025   13.202900   -7.150625   60.204450 -231.830375  -45.500075    8.085050   75.352775 -210.041775  -43.256125   -1.513925   20.073100  -29.317275  -23.297375   31.986950   80.111575  131.747875   12.513975    7.586975   74.095600  -56.565650    1.790000   12.591050   76.165725 -203.119350    7.910850   -0.802175  -31.585375 -164.482000   53.193900  -44.011925  -72.464675   10.603500   16.318325  -11.298650   70.250475    7.635425    4.003000   15.734500   -2.873650  -28.896000    4.114575   -2.088375   39.641125   24.437475   10.937550   -7.333150  -58.036250   76.798325   -8.677150   -7.625325  -18.569650 -109.859075   -6.673050  -55.387825  -21.623225 -183.679750   32.897800  -61.922425  -57.965975  -36.614675   30.261650  -51.994950   64.065300    4.282925   16.109775   -0.021000  -24.962075   -7.140425   37.751450  -16.776950    7.353650  -66.298900   28.903350  -46.753050  -26.785450   49.798750   13.074175  -31.355575   41.268450  -71.744075   29.009750  -67.209475   20.574675 -162.174575   10.788400  -34.986750 -133.395675  -21.009925   20.916375  -67.894825    6.492375   52.092525   62.886950  -21.851350 -107.648225   74.032750   85.145550  -13.746275   21.642400   91.487875  115.528300   10.256025   16.270275  -19.695475    0.621425   11.655375  119.885675   -2.505750    7.107925   23.056750  139.455250  122.369775   15.667675   60.656700 -109.140875  249.082325   62.258825 -151.962675  -24.750500  -73.471750   61.232775 -147.109725 -116.898350  -76.733300  -44.125175  -12.817725  -41.105025   42.741375    8.907050   -9.440900 
   6.425300   96.328900   17.200300    3.724500  -80.663200  104.082100   39.941900   -9.721400 -334.002600  142.848200  108.788800  -40.649200 -106.864400  200.585100  232.308400  -14.239300  188.230700  139.801000  163.204300    8.997600   20.148100   13.180700   13.970300   -9.775100  -22.562500   -2.781400   -1.657300   -4.772400  -15.344000  -53.537100   71.290800   -9.282100    4.834000  -26.431900   65.402900    0.697600  -19.346600  -47.071400   47.762200   -5.077600   42.429800 -136.779300   53.112100  -27.949800    1.632400 -200.504500    8.366100  -16.698400  -28.725900  -60.647300  -14.837500  -22.380500  -23.520800   38.639100    0.654900   -7.820600  -21.864400 -208.917000   18.250800  -10.432800   25.968000 -246.362900   13.797600   -2.783900   50.697800 -139.429100   29.963600  -12.367500  -20.121200  -80.086500  -15.126300    1.424200    9.658100  -83.414100  -20.764500    0.160300    6.430400    9.108900   -6.839500   11.263800   13.102300   49.006500   10.198900   -0.384100  -27.319600  -53.629600  -25.985000   -1.671800   53.660900 -124.070400    2.166400    0.947300    8.903500 -106.183000   27.682600  -23.336700  -54.687700    6.819000    4.419300   -0.696600   12.104900    0.940700    1.327000    0.693000   15.458400   13.786000    3.834300    7.191500   24.254500    6.267900   12.689200   -8.529600  -54.960000   46.334300    7.764400  -24.832300   14.634400  -28.752300    6.688800   -8.597300  -17.235900  -64.789000    7.560200   -6.483700  -43.766900  -14.207700   11.523600  -22.290800    3.310200    1.895700   10.001100   -5.719000   13.795700    8.579300   33.646800   -7.073800   59.121600   -1.012600   47.656400  -19.031200  -20.857800   13.900000   12.070700  -23.413300   42.959800  -60.842300   19.084000  -24.350900   43.212700  -65.264300   -2.349400   12.318000  -97.671700   11.931300    9.950500   -9.280300  -25.835500   46.332100   66.288800   -8.083400  -41.490900   56.051000  127.346200  -12.277100  -14.898400   43.501500   91.967200  -25.303900   30.338100    1.675100    4.624700    0.266500   71.481700  -49.193000   14.885700   12.202000   94.896000   62.166100    9.934700   38.602800  -36.998500  125.430300   64.866300  -92.559700   10.268000 -160.622000  121.133100  -78.771900  -23.216400 -242.372200   11.725300  -13.388900  -93.147100 -183.439500 -110.092800  -16.080600 
   3.062525   -8.719675    0.511275    0.284125  -38.938600   -5.907325   -0.711925   -4.049700  -50.981050   16.328600   -1.300100   73.194650  -68.129950   16.880425  -14.239300  154.462975  -55.765775   51.591750    0.578275   32.093550  -12.494325   17.556725    0.097525   -6.162925   -1.249375    1.502800    1.552725    3.686050   -2.544500   -5.770175   16.594650    2.067325  -13.391750   17.313175   15.672325   -0.435200  -39.614300   25.010300    8.701850   -1.387300    9.607900  -69.807025   -3.056075   22.114600   27.951450   28.112125   14.283425   10.734300   -7.876325  -24.378525   -6.726875   -9.548375  -21.092150  -33.531325   -3.652925  -28.392550  -11.283700  -20.288500   22.969650   -2.359400  -12.841000  -23.759825   16.422300   -3.709075  -81.596850   -4.861175    1.675300   -7.174375   93.766150  -32.597625   -0.595525   10.990350   48.979425  -23.557425   -1.167875   -0.797475  -12.663300  -14.510925   -4.876625   -0.421350   -2.493975    9.830125   -3.922175   33.258825  -33.990800  -60.239550  -12.610000   -2.232650  -14.069925  -53.240450   37.045950   -4.290225  -80.622625   16.676000   39.547300  -12.048475   38.392275    2.444500   18.138275    4.764450   60.318325    0.477975    3.396000    4.331500    5.669450   -2.507000    1.497025   -6.303625   35.012875   24.947325    5.927850   21.992950  -44.018750  -17.401725    6.474950  -10.447275   27.447450    0.656475   30.938650   -5.229775  -62.922575   12.621750   39.944600  -13.886975   -7.471825   -2.677725   20.031550   -4.429650   64.652100    1.305475    4.923425    4.898000    5.455475    1.582025    2.510150    0.196350    0.685550  -17.642300  -11.381550   -6.266350   12.416850   -5.073750    2.154225  -12.784025   13.979150  -13.718525    4.403250   -5.091325  -64.122275  -12.947025   13.853800  -11.192250   -7.219725   -0.954475    8.884625  -14.048775   47.911625   -2.907325    5.203650   -0.694450  -54.367575   -5.990750  -20.116150   -0.538925   28.911800   -9.419875  -38.651900   35.282175    4.356925   -0.343325   -0.150025    1.867625    6.454725   -0.935250   -2.659525   13.222250  -42.013250    9.483425   -2.151275   -4.803100   -9.016125  -51.598725   20.991775  -24.643725   12.836500  -65.697250  -23.330575   29.726925  -53.403450   73.641900  -45.996225    7.455925   69.264825   99.549625   53.959350   13.513700 
