 103.431900  348.038150   19.503250   12.736700   91.713400  249.435200   40.208400   21.482600 -167.169750  205.528000   18.351500   12.726150 -159.596200  204.280800   -5.223200    5.864500   46.404500   61.949300   -5.538250   13.465350    5.208050   -7.484050   -3.695800   -0.106700   -3.784100  -11.527850   -2.605300   -1.610950   60.690950  -49.295700   -3.833500   11.874150   87.669950  -94.406950  -10.529600    9.120200  -16.395350  -45.561000  -18.384400  -10.088750  -71.079200  -80.757650  -47.227250  -11.951000   -5.872750  -83.587450  -27.157700   -3.662400  -15.142200   44.741850    1.239100   -2.082950   36.650500   75.220700    5.521050    4.523250   23.623450 -255.681750  -19.598300   -7.370100  135.402900 -169.308750   -3.597200   -6.226450    4.005750  -88.498200  -38.456200   -8.255250  -24.178600  -52.387000  -19.051400   -1.438500   18.072100   43.979150   26.978300    0.694650   -6.557250   86.170300   12.958300    2.570950   45.151350   51.446850   13.833900    8.973800   68.043300  -20.482450    4.016400   -1.342050   94.939250   -4.546100   -2.339700    1.114850  -86.353600   -2.182900  -33.766750    1.791250  -27.495450   14.432800    2.934450    3.744400   -5.254500  -54.920050    1.224250   -4.076800   -1.260250 -142.456050  -15.096300   -7.011400   -8.795050 -134.309750   -8.926150   -7.472450   99.315900   13.619550    4.367850    0.603500   32.772100    5.630650  -16.943600    4.294550  -72.250100    9.558950  -26.991500    5.465750  -18.326750    1.694650   -3.743200    5.497500    6.990700  -35.281900   -4.905600    8.933400    5.918500  -45.223850   -3.047250    5.606900   -4.982250  -42.266250   -3.644300    0.950900   94.629650   10.233850   -2.869400   -0.563900   14.107900   -3.620400  -20.138100    1.116300  -49.466050    2.976050  -10.285650    3.591550   -7.848500   12.247350   -4.348700   10.387550   -2.432950   17.766000   -0.586550    8.343200    2.645700   15.679250    3.494450   19.004600   27.176600   47.463950    0.496550   14.790900   97.404600   43.592550   -8.406650    9.031400   13.638600   12.041700   -3.947050    0.588250  -46.214200  -16.940150   -8.047100   -3.360250  -10.320300    3.099300   -3.684800   -2.169200   -4.336950  -13.705450   -1.515200   -8.998600    8.741400  -60.339550   -2.207050  -18.449900   24.741200  -87.980900  -10.664200  -38.136500 
 348.038150 2776.188775  129.685125   80.797950  303.113400 1665.610200  246.288400   75.232600 -620.625375 1177.310500  182.362750   73.834275 -1010.061200 1323.073300  -66.920700   33.125750   75.543250  563.295550  -15.297625   41.873475   30.527425  -22.750925   -8.465800   -8.837950  -25.007850  -79.582225  -15.509050  -11.956575  163.704075  562.155550   -4.672250   67.009775  517.628075    0.809925  -27.072100   64.732700   94.016525 -221.141000 -110.399400  -27.381875 -447.771700 -500.402025 -324.646625  -69.156000 -149.320875 -561.501825 -225.198950  -17.339900 -106.084700   48.976225  -18.819650   -6.483575  121.431750  287.629450   25.777925   15.802625  -12.534675 -2064.807375 -144.862050  -69.388850  902.094150 -1193.809375  -49.974700  -65.850825  282.191375 -567.108200 -270.066200  -83.027125 -115.136100 -306.587000 -173.866400  -14.542250   22.673350  365.159775   65.204550   13.964025  -28.989125  645.634050   33.942050   30.871575  183.491975  492.876225   80.357650   59.801300  408.309550 -293.534325   12.603900   -8.008925  535.826125  -40.282350  -62.115950   -4.373275 -314.646100    8.193350 -252.617375   -0.146875 -149.007325   92.742800  -48.631175   19.524400  -51.853250 -282.246925  -95.816375  -16.721800    0.425375 -670.547925 -110.602550  -37.728900  -52.426925 -644.292875  -42.066775  -55.009325  557.964650   73.847675    9.534725    5.039750  185.015850    4.960025 -194.393600   16.585175 -277.656350   12.602075 -215.505250   19.568875  -50.969875  -58.088475  -72.005700   20.018750   54.586950 -213.160650  -60.143100   66.990900   60.549750 -198.245725   -7.049125   51.370650  -25.921625 -128.045625   12.476950    1.647150  428.811525   -7.884275  -69.829400   -3.550150   94.829150  -79.360400 -204.706850   -4.217450  -34.492925  -27.057075 -117.667525   10.424675   30.010250   52.995475  -31.037450   71.133175  -38.421075  198.483500    3.745325   43.115700    5.294450  413.638625   50.601325  117.259600  224.316600  688.644575   68.582175  149.844650  281.972100  -42.624325 -128.926025   29.366400  195.983600   84.140450 -108.798925    1.287625  164.213300    0.066725  -56.720850  -19.144625   -5.619050  -22.681950  -16.789800  -10.661700 -131.592575 -147.909825  -10.430200 -173.671100  -97.473600 -560.147675  -17.118925 -295.366150  -93.336300 -900.592150  -98.164200 -179.147750 
  19.503250  129.685125   21.279375    1.262250   34.037000   96.561000   23.572000    5.993000  -72.013125   85.312500   17.396250    5.777625  -72.541000   95.106500    4.681500    1.021250   16.333750   35.900250    5.278125    3.788625    3.045875   -8.333375    1.486000   -0.792250   -2.436750   -4.974875   -1.142750   -0.759125   16.061625   55.310250   16.926250    3.480125   28.381625   -5.856625    3.654500    1.933500   -1.623625  -14.705000   -9.237000   -2.275625  -23.183500  -50.333875  -20.951875   -4.205000   -5.425625  -50.887875  -14.977250   -0.899500   -6.498500    5.184875    0.134250   -1.134125    6.301250   25.134750    3.518375    1.546875    5.445375 -122.068125   -9.217750   -2.936750   51.318250  -81.803125   -8.828500   -4.052875   16.728125  -41.716000  -20.851000   -6.144375    1.079500  -27.770000   -9.817000   -2.063750    2.229250    3.745125    9.860250   -0.971125   -1.364375   36.667750    7.167750   -0.375875    9.026125   41.899875    8.400750    1.091500   26.715250  -21.745375   -0.225500   -0.273375   22.059375   -2.374250   -6.512250    1.582375  -17.665500    1.359250  -16.363125    0.854375    2.059625    4.469000    4.197875   -0.668000   -3.898750  -27.943375    2.856875   -3.259000    1.258125  -61.978375   -5.055250   -3.814500   -5.178375  -56.395625   -4.355125   -4.155375   25.555750   -0.095375   -0.712625    0.596250   -0.748250   -2.231125  -14.723000    3.607125   -5.054250    5.441625  -10.638750    3.080625    8.039375   -1.343625    2.116500   -0.133750    5.792250   -8.585750    1.039500    5.329500    5.241250   -4.967375    0.895625    6.280750    1.048125   -2.121875    3.442250    3.703250   10.641375   -3.267625   -4.897000   -0.313250   -8.501750   -5.057000  -13.441750    1.820250   15.496625    3.283375   -4.271375    2.659625    7.728750    0.568625   -0.809750   -1.212875    0.423375    3.882500    1.245375    1.093500    2.709750   23.006875    3.490375   13.653000   14.208000   49.749125    5.442125   10.910750   12.395500   -6.610375   -9.888875    2.757000   -1.877000    2.124750   -7.478375    0.316875   32.531500    2.842375   -1.466750    2.978125   11.762250   -2.017250   -0.209000   -4.413500  -10.229125  -30.522875   -0.651000  -15.300500   -1.923000  -64.069625   -0.178375  -15.183250  -15.151500  -94.648250   -5.411000  -14.991250 
  12.736700   80.797950    1.262250    7.373100    1.646200   50.413600    4.361200    3.391800  -19.411750   33.059000    4.349500    0.851950  -25.781600   30.209400   -0.717600    1.218500    3.118500    7.054900   -2.102250    2.132550    0.928650   -5.681650   -1.514400   -0.133100   -0.851300   -2.575050   -0.502900   -0.333350    2.683350  -18.380100   -2.540500    5.885950   16.730350  -11.536350   -0.752800    3.033600    1.952450   -6.263000   -2.069200   -1.423750  -12.235600  -16.266450   -8.244250   -1.008000   -3.270750  -19.112850   -5.726100   -0.238200   -2.544600   -0.662950   -1.313700   -0.129350    2.366500    9.215100    0.372650    0.947250    1.315850  -55.002750   -2.351900   -2.264300   24.974700  -28.448750    2.660400   -2.329850    0.584750  -13.307600   -5.226600   -2.373250   -5.734800  -12.186000   -2.905200    0.764500    0.925300    7.095950    5.056900    2.232450   -0.279250   21.647900    0.301900    1.993350    7.680550   16.907050    0.827700    4.993400   16.381900   -3.787850    1.935200   -0.425650   15.295250   -3.727300   -0.442100   -0.663950  -17.494800   -2.959700   -7.952750   -0.528750   -5.546850   -4.264600   -0.471150    1.079200   -0.213500  -14.699650   -0.224750    0.927600   -0.633250  -19.767650   -4.105900    0.314800    1.820350   -9.621750   -2.151950    1.017150   25.773700    4.638150    1.490050   -0.059500    4.140300   -1.879550   -5.129800   -0.196850  -15.769300   -1.452650   -6.614500    0.334750   -0.752750   -0.342550   -1.517600    1.737500    1.120100   -7.061700   -2.100800    1.616200    0.850500   -9.223050   -0.899250    1.121700   -1.294250   -3.176250   -1.304900    0.128700   25.447450    2.468050   -1.264200   -0.092700   -1.855300   -0.992200   -4.803300   -0.519100  -11.717650   -0.872350   -2.905450    0.044150    0.699500    3.298550   -0.954100    7.402150   -4.049350    0.768000   -0.554150    5.677600    0.280100    1.845250    0.263850    4.492800    5.158800    5.162350   -0.010850    5.103700    1.847800   -2.587850   -1.938450   -0.884800   -7.755200   -4.416900   -2.105650   -0.182750  -12.020600   -3.098950   -0.795300   -1.083250   -4.402900   -2.500100   -0.366400    0.634400   -1.911350   -7.381850   -0.273600    3.630200   -1.514800  -11.313150   -1.005650   -1.070700    1.556600   -9.878700   -2.110600   -1.564500 
  91.713400  303.113400   34.037000    1.646200 1078.222400  265.722200  113.622400   62.278600  434.704000  334.973000  -16.716000  149.351400 -1111.053200  191.868800 -153.225200  -27.368000 -208.678000    9.534800  -74.242000  -13.662400  -22.620200  -18.950800  -28.573800    0.328800  -16.742600  -63.117600  -13.260800   -7.294200  171.109200  346.319800   45.559000   15.494400  416.383200 -250.795200   61.194400   37.757200   51.482400  -73.236000  -72.388400   11.230000 -384.721200  163.999600 -169.726000  -35.916000  -19.384000 -254.228200  -99.077200   -0.601400  -19.554200  -52.338400   -9.357400    4.848800   25.248000   84.060200   16.172800    9.777000  167.059200 -207.653000  -33.508800   -0.948600  576.439400 -439.835000  -33.099200   29.082800  -69.558000 -249.960200 -176.263200  -22.289000 -278.314600  -41.127000 -148.640400  -13.446000   18.930600   71.034400   88.078800    1.417400    4.059000  204.295800   99.363800    8.504200   78.108600  204.826600   59.895400    8.841800  205.233800 -109.003200   -0.539600   -7.023800  503.508000 -100.134600  -70.744200   13.979600 -164.439600  -64.794400 -263.448000   12.500000 -163.341200  139.825800  -24.429800    1.278400   -2.452000   61.553200   82.468000   -6.754800  -19.404000 -246.422800    4.323200  -14.540400  -22.876800 -301.466000   -2.976400    3.966800  240.912400   36.733800   -2.332400   -1.969000  208.875600  -50.326600 -147.539600   19.003800  -81.463600    5.032200 -190.554000   27.167000  -62.778000   25.077400  -46.355200   15.715000  -10.509800 -101.343400  -57.646600   13.037400  -17.184000 -215.378600  -45.166000  -16.426600  -23.196000 -216.565000   -7.959800  -17.047600  119.082400   15.198600  -55.793400    2.799600   13.124400  -48.889400 -155.766600   23.156800   63.657200    3.502800  -84.353400   43.685800    1.084000    0.199600  -23.733200   37.686800   -0.601200   57.446000  -26.975800   75.430200   36.925200    8.193000   -9.559800   49.025600   33.207600  -24.247800   19.105800    8.372400 -168.019400  -62.443200  -82.749400   -5.509600  -54.565400  -37.788800  -67.048800   22.587000   68.433800  -17.655400  -24.550600   75.701000   49.774200    1.759800   -5.417800   17.733800  -53.335200  -63.896200   -5.857200   23.785400   30.600400 -165.208800    7.676200   83.868600   49.873200 -324.957400   60.823800   47.626000 
 249.435200 1665.610200   96.561000   50.413600  265.722200 1302.261600  169.667200   62.185800 -672.498000 1021.539000  138.327000   59.859200 -840.414600 1009.116400   27.429400   32.596000  116.741000  544.409400   34.659000   37.287800   61.199400   60.527600    3.828600   -0.373600  -13.392800  -55.972800  -12.527400   -7.622600  123.332600  211.189400   17.597000   34.088200  358.629600  -14.470600   -5.526800   47.656600   18.362200 -153.088000  -69.220200  -11.400000 -310.583600 -480.366200 -202.823000  -53.528000 -112.167000 -521.669600 -165.401600  -20.224200  -83.672600   23.354800  -14.707200   -8.698600   80.649000  260.020600   36.663400   17.351000  -21.017400 -1614.804000 -113.186400  -56.405800  596.688200 -1009.915000  -42.322600  -52.056600  196.736000 -495.430600 -149.404600  -68.322000  -43.393800 -343.271000 -113.896200  -16.853000   23.111800  124.043200   55.611400    7.127200  -19.908000  418.767400   57.201400   19.127600  100.920800  379.779800   70.401200   28.355400  287.006400 -249.309600   10.971200   -7.326400  359.004000  -45.178800  -12.902600   -4.376200 -281.733800   -4.273200 -149.299000   -4.030000 -115.468600   41.377400   -9.899400   14.280200  -15.841000 -222.515400  -37.191000   -9.139400    9.233000 -545.203400  -83.450400  -23.701200  -70.605400 -574.193000  -47.494200  -48.564600  432.962200   86.256400   27.377800    3.128000   82.666800   17.605200 -105.468800   13.416400 -252.285800   22.416600 -129.137000   18.341000  -44.564000  -28.337800  -23.665600   22.195000   37.800600 -153.270200  -30.704800   53.347200   42.193000 -144.675800   -9.253000   47.220200  -15.168000 -117.930000    0.770600   12.702200  410.832200   26.350800  -27.420200   -2.131200   13.728200  -39.888200 -127.004800   -0.569600 -115.173400    5.758400  -73.130200    6.452400   -3.298000   39.008800  -18.899600   29.850400  -23.493600  123.173000    1.972600    8.785600   -4.279400  266.054000   28.625600   95.881800  157.917800  493.851600   48.732400  127.212200  454.031800  196.790400  -53.558200   42.111200  122.113800   35.693600  -58.716400   -7.749000  -24.528600  -30.391200  -38.926800  -27.197000  -27.487400  -17.395600  -13.388400  -15.278600  -91.290600 -126.203600   -8.646600 -122.238800  -78.903800 -440.141400  -10.246400 -207.929200  -91.655400 -753.682200  -23.098600 -163.057000 
  40.208400  246.288400   23.572000    4.361200  113.622400  169.667200   78.532400   10.523600  -68.181000  162.118000   69.709000   21.936400 -251.558200  187.888800    2.189800    2.162000   -4.263000   79.339800    7.528000    3.327600    9.789800   -4.575800    1.341200   -0.681200   -4.462600  -14.247600   -2.325800   -1.259200   48.699200  125.714800   23.389000    7.779400  102.958200  -44.560200   30.559400    9.022200   -4.132600  -46.666000   -9.383400   -6.680000 -106.321200  -36.915400  -58.201000  -12.796000   -7.629000  -96.268200  -36.597200   -2.336400  -10.199200   -0.033400    4.552600   -1.851200   12.108000   45.440200    9.312800    4.157000   28.604200 -226.493000  -13.108800   -4.223600  190.854400 -206.955000   -0.349200   -4.482200   -7.778000 -107.990200  -42.948200  -17.504000  -57.124600  -37.122000  -32.725400   -3.636000    6.595600   50.634400   37.773800    1.347400   -3.231000  102.440800   29.728800    6.154200   24.053600   78.406600   19.470400    9.611800   94.013800  -46.543200    9.040400   -2.073800  131.463000  -16.864600    8.055800    1.634600 -114.434600  -13.829400  -55.768000    1.890000  -42.731200   24.910800    5.040200    4.873400   -5.642000  -37.396800   18.968000   -2.144800   -3.279000 -131.702800   -8.346800   -5.065400   -6.536800 -119.506000   -4.656400   -0.093200  146.647400   26.533800   13.592600    0.531000   43.365600   -4.836600  -30.134600    4.918800 -100.773600    1.667200  -48.539000    7.537000  -18.108000    6.477400   -2.095200    7.145000   -0.549800  -24.158400   -0.701600    7.967400    0.321000  -31.003600   -1.476000    3.973400    0.404000    1.735000    8.500200    2.622400  134.347400   14.338600   -5.268400   -0.380400    0.899400  -18.879400  -38.881600    3.396800  -61.302800    5.227800  -22.548400    7.735800   -2.356000   26.949600   -1.283200   16.106800  -11.016200   60.191000    2.764200   -0.549800   -0.574800   79.178000   10.845200    3.745600   27.112600  128.817200   13.315800   15.262400  107.995600   41.181800  -22.424400    7.425400   12.189600   12.261200  -17.633800    0.637000  -35.231200   -3.180400  -12.225600   -0.144000    6.344200   24.614800   -2.277800    3.228800  -20.725200   -0.356200   -0.802200  -29.559600  -12.849600 -108.698800    4.676200  -45.871400  -28.036800 -197.177400  -11.671200  -19.449000 
  21.482600   75.232600    5.993000    3.391800   62.278600   62.185800   10.523600   12.150400  -31.664000   53.252000    2.416000   14.509600  -73.254800   42.283200   -1.072800    0.448000   -6.992000   13.057200   -5.308000    1.956400   -4.232800    4.008800   -2.453200   -0.436800   -0.866400   -3.191400   -0.801200   -0.603800   15.778800  -18.182800    1.851000    1.256600   32.694800  -38.647800   -1.323400    5.810800    0.008600  -14.664000   -6.557600    1.075000  -25.596800  -23.540600  -16.839000   -2.674000   -3.291000  -31.539800  -11.970800   -0.179600   -3.798800    6.532400    2.166400    0.203200    8.097000   16.297800    3.729200    0.998000   12.883800  -66.707000   -5.743200   -2.490400   43.821600  -49.620000   -2.833800    0.024200    0.033000  -26.697800  -13.424800   -1.726000  -11.829400  -10.398000   -8.955600   -0.029000    3.468400   12.606600   10.913200    0.958600   -0.139000   17.591200    9.463200    1.853800    9.780400   11.172400    4.970600    0.580200   22.633200  -11.559800    0.085600   -0.748200   30.282000   -5.344400   -4.833800    1.149400  -18.854400   -3.376600  -15.372000    1.155000   -9.306800    5.631200    2.102800    0.937600   -0.883000   -7.765200    5.712000   -0.092200   -0.711000  -38.189200   -4.865200   -0.450600   -1.125200  -35.774000   -4.319600   -0.064800   26.823600    2.788200   -0.548600    0.094000   10.098400    0.122600   -9.709400    2.233200  -12.745400    2.275800  -11.836000    2.478000   -3.897000   -0.046400   -4.102800    1.985000    0.467800   -9.277600   -4.707400    1.843600    0.044000  -14.675400   -3.694000   -0.617400   -0.859000  -12.945000   -1.742200    0.198600   20.968600    2.565400   -2.297600    0.004400   -3.568400   -1.556600   -9.227400    2.025200   -2.239200    0.439200   -5.992600    3.456200   -0.684000    0.649400   -3.084800    4.230200   -4.396800    6.654000   -2.071200    7.922800   -1.192200    5.102000   -0.697200    7.523400    7.186400    7.050800    0.246200    3.128600   13.878400   14.075200   -3.086600    1.120600   -9.165600   -2.923200   -4.013200    0.848000    3.813200   -2.065600   -4.123400    4.909000    0.653800   -0.587800   -1.519200    1.103200   -9.842800  -10.891800   -0.870800    0.570600    2.170600  -18.473200   -1.658200   -0.639600    0.009800  -35.348600    0.013200   -6.046000 
-167.169750 -620.625375  -72.013125  -19.411750  434.704000 -672.498000  -68.181000  -31.664000 2947.164375 -460.277500  -90.373750   96.257125  -41.652000 -650.164500 -570.949500  -21.038750 -1155.826250 -552.490750 -420.759375 -120.575875 -161.712625 -328.744875 -115.688000  -27.453250  -63.074750 -310.350375  -67.016750  -25.357625   22.735125 1084.539250  -37.663750   18.234625  112.595125  451.879875   26.786500   11.919500  588.535875   79.195000   34.916000   93.526875 -179.914500 1121.946625 -109.504375   32.595000  -40.548125  244.013625 -134.043250    7.578500   46.955500 -574.004625 -184.247750    6.127375 -117.078750 -570.059250 -123.065125  -39.020625   75.608875 1190.399375  -23.556750   50.740250  245.950250  367.799375  -58.254500   81.843625  349.240625   89.318000 -119.857000   41.808125 -490.938500  317.720000 -312.424000  -15.943750  -39.392750   77.184625 -162.890750    8.658375   23.528125  144.291750  -72.543250   17.477625   -4.868375   66.565375  -33.682250    5.530500 -103.295750 -204.768875  -48.748500  -11.559875  527.446875 -129.402250  -93.833250   -2.357125  469.486500 -113.677750 -375.485625   -0.178125 -270.268875   27.253000 -273.118625   -6.571000  -32.958750  251.170125  -42.460625  -21.788000  -21.614375  431.865125   -9.189250  -33.351500   47.350125  219.416875   25.580375   36.776125  -37.462250   -4.963875  -36.672125  -10.463750  378.544750  -33.666625 -235.886000  -15.946375  350.947750  -96.109875 -342.358750  -13.106875  -99.343125  -71.464125 -125.494500  -14.323750  -91.066750 -221.827750 -104.328500  -54.103500  -70.998750 -371.697875 -112.516875 -101.767250  -56.524375 -389.469375  -40.511750  -73.669750 -167.334125   33.192875 -140.034000   10.624750  152.005250  -28.624000 -280.634750    3.434250  399.550125  -47.060125 -112.270875    8.406125   -1.111250 -116.770875  -12.740750  -15.191375   26.044875 -184.587500  -25.786125   40.874500   71.965750 -304.155625  -11.816125    2.436000  -68.669000 -527.382375   34.053625  -62.502250 -968.351500 -703.888875 -269.773375  -62.116000  -84.644000  -61.524250 -195.814875   19.984375  495.390500   35.647875  -21.854750   82.800625  121.288250   11.661750   11.232000   46.370500   57.152375   96.333625   13.113000   93.121500  105.004000  212.588875   36.830125  264.269750  247.069500  458.939750  118.718000  300.878750 
 205.528000 1177.310500   85.312500   33.059000  334.973000 1021.539000  162.118000   53.252000 -460.277500 1054.180000  129.590000   51.700500 -855.319000  965.256000   45.061000   11.475000   69.395000  402.231000   35.282500   24.854500   56.363500   27.161500  -10.371000   -1.919000  -16.212000  -69.269500  -17.961000   -7.481500  122.901500  224.211000   32.430000   24.010500  360.931500  -60.101500   35.423000   38.399000   27.070500 -180.430000  -62.858000   -6.387500 -324.254000 -397.325500 -173.537500  -44.890000 -103.147500 -547.611500 -136.069000  -21.463000  -73.544000    7.354500  -10.173000  -13.231500   82.940000  283.989000   43.223500   20.382500   31.821500 -1227.117500  -72.276000  -44.477000  566.143000 -887.577500  -21.959000  -36.121500  137.172500 -490.979000 -142.744000  -63.222500  -97.237000 -322.960000 -112.658000  -22.700000   22.627000   27.515500   98.076000   -0.664500  -13.942500  334.476000  116.816000    8.821500  105.109500  381.509500   88.868000   21.916000  288.306000 -190.981500   16.673000   -4.793500  416.492500  -35.032000   -7.339000   -1.250500 -289.132000   -9.323000 -182.697500   -5.657500 -124.936500   45.761000   14.106500    7.263000    0.015000 -250.588500   62.917500  -14.391000   18.747500 -593.383500  -20.396000  -34.368000  -58.098500 -543.582500  -33.590500  -45.026500  428.493000   90.003500   31.019500    2.110000  140.237000   23.320500 -114.057000   13.718500 -261.507000   24.331500 -146.375000   16.827500  -29.167500   -3.504500   19.196000   23.160000   59.839000 -129.573000   18.458000   56.028000   38.830000 -171.369500   -5.512500   39.443000   -9.307500 -156.747500  -13.286000    2.888000  420.575500   62.824500  -22.898000    0.212000   21.683000  -34.008000 -138.132000    2.576000 -160.193500   24.023500  -66.165500    9.198500   -7.170000   29.489500    3.951000    4.738500   -1.996500   50.725000    7.886500    1.854000   21.714000  171.082500   16.796500  117.177000  139.517000  410.326500   36.678500  115.398000  416.172000  207.213500  -58.415500   43.553000   93.197000   40.774000  -61.363500   -2.512500 -100.104000    0.259500  -26.432000  -19.022500  -24.466000    3.391000   -0.261000  -18.934000  -72.641500 -143.406500   -5.749000 -128.957000  -39.002000 -443.498500    0.101500 -154.998000  -18.121000 -700.568000   -3.569000 -108.230000 
  18.351500  182.362750   17.396250    4.349500  -16.716000  138.327000   69.709000    2.416000  -90.373750  129.590000  184.507500    1.687750 -140.672000  179.583000   95.953000    5.547500  -69.027500   65.950500   -4.121250   -2.995250    0.904250  -37.254250   -4.643000   -3.399500   -6.788500  -32.802250   -6.300500   -0.635750   29.550750  115.200500   23.147500   -3.377250   90.150750  -29.670750   38.529000    5.697000   40.110250  -73.180000   29.611000   -5.268750 -100.932000  -33.435250  -42.651250  -14.655000  -28.848750 -110.738250  -50.219500   -8.889000  -14.552000  -18.282750   -4.871500   -4.010750   20.632500   73.889500   17.519250    7.426250   43.033250 -153.563750  -11.105500   -1.193500  193.956500 -198.298750   12.908000   -3.403250  -13.211250 -112.712000  -15.767000  -19.721250  -98.341000  -14.160000  -44.659000   -4.957500    2.498500   58.532750   32.455500   -0.279750   -0.641250  116.825500   51.550500    3.970750   32.049750  150.772250   44.166500   14.763000  126.995500  -41.348250   12.144000    1.770750  180.976250   -2.178500   36.950500    0.197250 -158.241000  -13.666500  -59.068750   -3.513750 -101.043250   14.683000   -8.766750    1.104000    4.782500  -62.929250   35.816250    1.647000    8.858750 -173.319250   13.559500    1.351000  -21.459250 -140.413750    3.947250   -2.193250  228.871500   48.101750   26.672250    0.642500   88.253500    1.910250  -29.681000    1.241750 -162.223500   -8.774250  -78.022500    0.763750  -53.203750    6.005250   13.393000    3.932500   13.889500  -28.971500   32.729000   12.554000    8.822500  -19.157250    1.688750   18.991500    2.013750   76.758750   11.769500   13.796500  251.075250   29.837250    0.116000   -0.891500   23.151500  -22.369000  -53.468500   -0.209500 -132.349250    2.159250  -27.975250   -2.943250  -22.437500   22.029750   23.515500    7.006750    3.209250   62.260000   19.503250    2.462000    8.264500   99.306250   16.698250   30.111000   30.171000  181.765750   20.461750   30.221500  247.271000   87.281750  -24.980250   13.129000   21.201000   30.904500  -12.544250   -3.883750  -98.717000  -10.732750  -11.993500  -22.001250  -41.660500    8.045500    5.632000  -13.932000  -31.975750  -67.293250   -1.007000  -50.061000   -4.946000 -223.131750    6.335750  -36.941500  -87.673000 -351.956500  -29.867000   -3.977500 
  12.726150   73.834275    5.777625    0.851950  149.351400   59.859200   21.936400   14.509600   96.257125   51.700500    1.687750   81.519775 -192.170200   30.539300  -43.394700   35.275750  -80.986750   22.671550  -19.380125   -3.897025  -16.114075   -3.344425   -6.326800    2.873050   -6.414850  -21.441725   -4.445050   -2.428075   24.280575   17.601550    8.317750   -0.429725   55.934575  -52.151575    6.850900    6.326700   47.327025  -56.681000  -15.887400    6.270625  -58.485700   20.337475  -36.489125   -2.686000  -10.328375  -38.513325  -16.382950    2.062100   -4.913700  -21.969275   -2.942650    4.709925   -0.108250   -2.591550    0.036425    1.510125   16.696825  -79.589875   -7.653050   -0.575850   76.042150  -84.716875   -8.778700    5.807675   26.733875  -59.982200  -28.695200   -2.949625  -40.088100   -1.172000  -28.769400   -1.337250    4.270350   38.425275   21.165550    5.254525    0.888375   69.500050   28.128050    8.303075   19.016475   61.230725   13.810650   10.752300   18.390550  -29.015825   -3.093100   -1.977425   79.923625  -13.834350  -13.704950    2.991225    0.351900  -17.169650  -47.869875    3.200625  -28.443825    4.063800  -16.159675    4.472400   -0.173250   -8.300425    6.941125    5.527200   -5.852125  -57.406425    1.131450   -0.116900   -4.490425  -69.485375    0.962725    1.269175   21.632650    3.386175   -1.540775   -0.945250   42.392850   -2.099475  -24.105600    3.168675    1.611650   -3.191425  -36.120250    5.926375  -12.562375  -15.132975  -16.794700    6.118750  -13.339050  -48.048650  -21.405100    4.368900   -9.010250  -70.210225  -15.636625   -7.086350   -8.824125  -53.368125   -0.199050   -6.924850    2.977025   17.070225   -7.662400    0.486850   -2.847850   -3.083400  -23.288850    3.423550   24.158575    1.781425  -17.408025    7.158175    1.715250   11.789975   -7.751450   11.646675  -22.887575   43.273500   -6.213175   16.919700   -8.046550   34.951125    0.777825    9.481600   11.308600   20.471075    5.670675    2.657650   -4.500900   30.999175  -13.691525   -0.285600   -4.014400   -2.880550  -13.947425   -0.979875   31.964300    2.516225   -5.367850   12.552875   17.544950   14.109050   -0.655800    9.529300  -23.084075   11.618675   -2.154200   -1.618100   -3.485600  -23.986175   -1.397425   -9.304150    1.372700  -92.295150    4.256800    6.507250 
-159.596200 -1010.061200  -72.541000  -25.781600 -1111.053200 -840.414600 -251.558200  -73.254800  -41.652000 -855.319000 -140.672000 -192.170200 2394.537600 -784.658400   37.603600    5.624000   -8.161000 -504.396400 -165.069000  -31.126800 -110.241400 -118.050600  -33.766600  -15.973400   15.791800  -13.273200    2.684400   -3.619400 -216.770600 -421.506400  -77.587000  -26.669200 -646.307600  271.188600 -149.869200  -65.884600  -11.458200   94.413000   81.481200  -21.190000  762.286600   22.347200  221.413000   67.398000   51.952000  721.517600  138.254600   -1.629800   84.970600   99.526200   18.618200   -2.913400  -45.534000 -240.668600  -43.710400  -22.711000 -139.545600 1164.964000   72.098400   36.234800 -973.724200 1092.095000   -3.974400  -10.350400  113.244000  568.068600  199.232600   86.782000  360.672800  240.481000  165.102200   28.128000  -43.165800  -72.769200 -155.223400   -1.363200   15.743000 -492.899400 -142.108400  -26.555600 -142.239800 -409.728800 -109.092200  -52.562400 -402.203400  294.047600  -19.817200   10.283400 -825.889000  112.747800   -6.234400  -14.672800  560.517800   89.719200  343.359000   -7.300000  284.596600 -250.699400  -31.113600  -18.341200  -11.809000 -116.952600 -151.239000    8.581400  -10.843000  530.225400   -9.682600   15.422200   41.437400  688.703000    4.255200    5.077600 -625.618200 -143.198400  -61.821800    0.612000 -319.265800   25.713800  153.302800  -26.278400  488.524800    0.935400  287.207000  -37.986000  148.304000  -76.253200    4.918600  -34.935000   -8.948600  123.971200    3.158800  -38.868200  -13.628000  299.124800   25.873000  -15.866200   23.803000  230.400000   -5.003600    7.451800 -626.378200 -123.534800   13.161200   -5.237800   22.790800   86.604200  231.408800  -19.327400  214.780400   -0.045400  158.681200  -48.969400   -4.697000 -103.617800    0.647600  -79.412400   37.021600 -310.193000    0.829400  -97.653600  -53.033600 -370.879000  -28.063600  -82.545800 -147.406800 -625.984600  -85.924400  -95.248200 -448.005800 -286.317400   52.934200  -30.992200   91.632200   40.863400  116.398400    1.814000  152.741600   51.497200   61.555800  -55.053000  -65.940600  -82.641400    2.980400  -33.328400  143.973600   61.021600    8.909600  126.182800   51.602800  605.138400  -29.056600  140.370200   85.297400 1156.508200  -68.358400   80.202000 
 204.280800 1323.073300   95.106500   30.209400  191.868800 1009.116400  187.888800   42.283200 -650.164500  965.256000  179.583000   30.539300 -784.658400 1386.745600  110.292600   19.074000  245.654000  879.952600  136.248500   33.538700  135.280100  153.767900   20.804400   -0.959400   -0.931200  -74.653700  -13.364600   -6.682900  113.207900  367.727600   58.533000   22.475300  345.920900   31.315100   57.197800   44.281400  -22.583700 -170.617000  -12.400800  -17.227500 -356.254400 -443.282300 -161.414500  -56.757000 -121.210500 -539.040900 -151.051400  -25.121800  -82.825400   -0.078300   -9.073800  -24.506900   89.966000  322.292400   46.786100   23.056500   -9.612100 -1363.468500  -71.770600  -50.478200  616.392800 -940.947500  -13.325400  -49.128900  251.706500 -552.682400 -158.343400  -69.810500  -69.380200 -487.799000 -141.149800  -24.962000   10.657200   14.225300   82.935600    3.166300  -29.434500  500.759600  141.705600    5.077900  132.465700  572.091700  122.279800   31.856600  273.100600 -268.670900    8.929800  -12.063100  416.653500  -77.840200    6.114600  -11.977300 -301.380200  -30.367800 -157.058500   -9.267500 -104.796900   70.324600   36.059900    3.210800  -11.974000 -242.994100   76.723500  -20.337600    2.109500 -610.976100  -12.546600  -37.664800  -65.284100 -595.429500  -28.329300  -58.685900  444.833800   71.968100   31.503700    0.462000  139.247200    7.483300  -89.720200   11.953100 -313.383200   18.848900 -125.803000   15.131500  -59.713500  -10.033700   27.927600   15.030000   47.297400 -175.335800   19.430800   61.118800   27.842000 -216.830700  -25.104500   57.015800  -18.319500 -197.657500  -30.492600    3.813800  439.281300   26.505700  -28.975800   -1.354800   66.977800  -60.757800 -131.229200    3.316600 -189.021100   23.221100  -59.058300   12.432100  -32.047000   58.272700   16.676600   23.479100  -22.346900  120.542000    7.232900   15.127400   10.387400  249.233500   11.764900  147.752200  159.876200  599.318900   28.042100  138.298800  514.777200  208.749100  -59.950300   36.219800  178.785200  128.119400  -48.133100   -9.398500  -94.314400    5.112700  -23.487200  -39.080500  -63.519600   16.727600    1.096400  -33.074400  -76.459900 -137.716900   -9.666400 -173.975200  -43.315200 -519.883100   -3.318100 -198.531800  -78.351600 -769.688800  -73.569400 -138.823000 
  -5.223200  -66.920700    4.681500   -0.717600 -153.225200   27.429400    2.189800   -1.072800 -570.949500   45.061000   95.953000  -43.394700   37.603600  110.292600  328.879600  -22.876000  212.899000  101.244600  178.633500    2.432700   27.447100   17.090900   18.227400   -4.112400    0.244800    9.482300    2.953400    0.749100  -34.194100 -168.265400   15.443000  -19.753700  -25.081100  -30.597900   15.563800    2.644400  -41.122700  -28.897000   60.348200  -10.877500   40.322600 -261.743300   96.220500   -7.522000  -33.330500 -154.573900   34.880600  -15.662800  -25.338400   28.525700   29.215200  -13.554900   13.831000  110.230400   26.428100    8.191500  -12.479100 -120.548500   20.272400  -18.262200  -32.546200  -19.357500   34.806600  -14.111900    7.211500  -30.150400   47.038600   -4.255500   50.485800 -124.519000   36.019200   -1.547000   -6.538800 -100.183700   47.537600   -6.652700   -4.454500  -31.793400   67.302600   -6.474100   -2.215300   72.060700   41.440800   -7.476400   23.117600   28.261100   11.320800    2.554900  -56.021500   16.520800   48.946600   -1.813300  -78.284200    7.866200   68.246500   -2.242500   -3.079900  -17.963400   45.137900   -7.248200    8.276000  -85.131100   70.433500   -7.714600   16.504500 -149.318100   62.011400    3.944200  -36.761100 -142.939500   13.689700  -26.163900   37.504800   19.170100   17.292700    2.382000  -19.253800   13.219300   44.655800    1.980100  -84.597200   14.411900   25.872000   -1.268500  -11.243500   20.777300   40.999600    0.025000   30.505400   41.908200   61.186800    9.684800   19.977000   41.805300   27.730500   23.851800    6.685500   66.457500   17.835400   11.239800  113.262300   -3.665300   32.208200   -1.930800   -2.096200    0.361200   30.341800   -1.941400 -104.058100   16.318100   -1.074300   -3.775900  -24.717000   14.556700   21.383600  -14.583900   -0.539900   36.257000   16.945900   -4.419600    7.285400  101.458500   14.322900   46.471200   13.900200  197.576900   20.004100   43.704800  316.196200  205.061100   69.413700   16.440800   35.014200   -2.772600   39.229900  -10.448500 -100.962400   10.051700    9.333800  -24.750500  -61.456600  -15.425400    8.639400  -44.287400  -39.397900 -135.249900    0.420600 -101.959200   -5.184200 -242.890100    2.469900  -47.927800 -105.453600 -352.309800  -44.727400  -12.558000 
   5.864500   33.125750    1.021250    1.218500  -27.368000   32.596000    2.162000    0.448000  -21.038750   11.475000    5.547500   35.275750    5.624000   19.074000  -22.876000   73.757500  -31.687500   36.011500  -12.786250   19.326750   -7.499750    5.884750   -1.974000    4.736500   -1.175500  -12.214250   -2.886500    0.295250   12.559750    9.006500   -1.967500    3.700750  -17.785250   20.925250   -1.783000   -1.229000  -11.406750  -34.115000   -3.527000   -2.878750   -0.061000  -38.323250   -7.136250    2.615000   -2.318750  -12.207250   -6.368500    6.253000   -3.161000   -7.610750   -7.294500    3.705250   -6.547500  -15.906500   -4.354750    1.046250   -5.837750  -82.563750   -6.401500    5.099500  -16.030500  -49.068750   -6.821000   -1.437250   20.578750  -42.571000   -2.641000   -3.586250   11.787000  -42.305000   -6.532000   -0.157500    0.060500   -4.379250   -1.463500    5.333250   -3.316250   45.726500    5.441500    9.159750   12.741750   46.289250    1.974500   14.514000   -7.498500  -13.297250   -0.758000   -0.390250    0.121250   -4.515500    0.386500    0.489250    1.312000   -4.444500   -4.353750    0.536250    0.192750  -13.971000  -10.517750    5.147000    3.402500  -26.295250   -7.778750   14.786000   -8.216250  -11.450250    7.773500    7.843000   10.304750   22.306250    2.149250    6.692750   -6.635500    0.902750   -1.030750    0.317500   15.500500   -2.136750   -4.178000    0.452750    3.094500   -2.035250   -3.872500    2.408750    1.991250  -13.681750   -6.876000    5.237500  -10.971500  -35.944500  -10.323000    6.572000   -8.437500  -29.839250   -4.941250    3.869500   -2.736250    2.578750   -1.706500    4.774500  -16.266750   -8.275750   -4.672000   -0.474500   17.599500   -5.042000   -1.505500    1.436500    9.899750   -2.334750   -0.183250    1.167750    4.357500   13.621750   -2.233500    7.752750  -14.929750   26.915000   -1.182750    3.506000  -13.811500   26.826250   -1.332750    2.868000   12.708000   34.184750   -6.952250   11.089500   16.183000  -10.172250  -10.923250   -1.648000   44.818000   25.173500   -0.310250    0.076250   21.819000   12.954250    3.159500    0.238750    5.833500    5.216500    1.881000    6.574000  -11.479750    2.842750   -1.991000    4.317000  -11.293000  -10.457750   -8.980250  -16.874500   10.096000  -54.039500  -13.466000   -4.192500 
