 364.425600  541.208900   19.793800   73.088700  218.415500  436.073600   11.729000  154.431500 -352.352600  165.295900  -20.764400  -21.494700 -306.337300  137.801800   24.647800 -127.541300   11.353200   26.788900   -1.136000  -22.926100   29.165300 -148.560400  -29.723000    2.886100  -41.674900  -95.192700  -14.258100    4.062500   57.584800   38.873600  -17.946100   21.489300   95.619400 -127.872300  -47.169000   38.434700    1.263300 -191.897900  -85.301700   58.506900   -3.831800  -20.710100    3.898200  -20.128100  -60.005600  -62.801900    2.948300  -36.099200   13.989400  -62.291100  -10.569300   -9.375200  -16.031900  -69.149300   -9.409900    7.249500   -0.778700    6.867900  -11.962300    5.231700   42.461500   16.975900   -2.021500    2.458300   80.931500   14.591400   -0.976200   36.733700  -30.972000  -16.817400  -12.883900   11.807100 -147.765800   67.859000   29.061900  -53.084300   -2.946800   45.262100   31.356400  -18.209300  -19.759400 -183.374100  -42.060500   15.871200   51.149500  170.771600   21.403500    4.383200   11.781800   55.938600   23.591100   -0.015100   48.526500  -71.601900   -2.273400   11.751000   -2.250800 -127.594100  -59.740900   26.293400  -43.431300  -60.464300  -27.437000   24.361200  -33.612900 -110.002500   -9.245300    6.118500   -8.595000 -214.319200  -53.677000    4.816800   26.227000   23.638300    3.816900    2.994800    0.313900   -5.727100   18.766000    1.911400   12.718800 -105.209200   -6.751000    3.132000    0.501200  -63.296900  -19.068400    4.676100    4.317300   14.674900    4.456000   29.315800   -3.300100   -1.370400   14.529300    8.034800  -12.487200  -39.018600   15.293900   -6.175700    6.142400  -90.360700    5.047300  -75.295800   32.869700   85.782600   10.242400  -21.572700   13.401700  111.001500   12.961600   15.894400    9.519100  117.537300   30.837900    6.560700   32.649900   96.522000   54.666900   -8.764000   21.110400    5.560500   26.116200  -10.311900  -11.000000  -29.672000   -5.558400   -4.285000   -9.942900 -113.058800    1.324000 -121.329500   17.296800 -110.709300   -5.704500 -128.210000   26.220300 -124.334200   -1.241200  -31.702300   -0.734500  -45.272800    2.418300   27.639200   10.185500  132.728200    7.637500   59.780000   16.823100  268.896900   26.207600   40.007200   44.199200  302.316100   24.753000    5.715500 
 541.208900 1502.465975   59.489700  151.972175  161.128875  935.359650   47.112250  178.871625 -619.453150  397.936475  -26.852350 -100.142425 -455.254325  407.592950   18.716950 -232.330325   67.293300  284.567225  -32.184000  -25.206525   90.587575 -122.176350  -68.787000   14.012775  -49.596225 -171.118175  -30.155775    4.369375  168.608700  537.145900  -34.595275   63.013575   69.119850  -10.021825 -113.151000   36.961175  -49.255425 -257.984475 -175.342925   79.210475   35.505800 -113.163775  -29.601700   -1.568275  -50.377650 -212.012975  -53.586675  -42.397300   -2.090150 -192.355275  -66.043575  -23.142550  -64.961725 -224.067325  -48.052475    4.728625   44.180325   -1.644275  -59.654325    2.927925   84.755375   71.501475  -55.127875   -1.197925  155.944125   92.590350  -11.532800   49.638425  -38.293000   33.410650  -17.332225   11.988025 -256.393950  111.959750   -8.072025  -62.781075   40.313300   66.559275    0.226600  -16.121075  -44.843600 -326.613525 -124.517625   69.294050  144.221125  367.606650   28.577125   17.944550   36.156700  220.090900   13.332775    2.146225   80.905375   -8.750475  -27.094600   15.050250  -53.931450 -149.666025 -130.682725    4.089600 -113.470325 -114.732325  -96.396750   41.661550  -25.350725 -127.590625  -53.168825   66.147125   40.958750 -276.244800 -100.855500   83.320450   47.113000   79.493325    3.235475   23.087450   -0.045275  -96.921775    1.741500    6.279100   24.864700 -331.767300  -64.821500    8.929250    9.066550 -218.425475  -69.290850   -3.867225  -55.851925  -40.937525   -8.157250    5.267700  -89.323775   24.873650   22.607325   34.106200   42.041950   96.795350   51.758475   62.629825   41.208100 -293.325175    4.368075 -120.457700  102.513675  213.009400   21.333100    9.311825   50.656675  270.909125   21.465400   78.863600   14.996025  239.643075   35.925725   42.988925   -5.053775  159.139250   46.987975  -23.009750  -25.673650   34.320125   30.529050  -36.344225   15.768750   31.818250   14.982900  -13.636250  -12.464475 -409.097200   -4.905250 -266.069875   36.202950 -282.509825  -15.731125 -271.818750   42.071325 -336.084800  -12.644050  -21.571825   -2.071125 -102.831950  -14.054175  122.204800   -2.291125  277.348300    3.631875  115.811250   23.429525  462.255475   61.219400   63.156800  125.584800  405.804025   26.555750   27.308875 
  19.793800   59.489700    7.832400    1.675100    7.211500   42.687800    7.232000   -1.810500  -32.504800   23.420700    0.238800  -12.058100  -27.947900   32.271400    0.559400  -12.489900   10.413600   37.874700    1.877000    0.134700   18.296900   23.495800    1.806000    1.945300    6.207300    0.282900   -0.641300   -0.162500   18.310400   38.137800    5.379700    3.258900   -1.118800   -0.227900   -2.942000    0.303100   -7.394100  -14.206700  -10.329100    2.873700   -3.216400  -17.927300   -4.111400   -0.926300   -0.938800  -22.283700   -4.764100   -0.766600    7.466200  -13.090300   -2.323900   -0.624600   -1.168700  -10.523900   -1.377700   -0.016500    6.854900    4.771700   -2.927900    1.129100    3.069500    4.870700   -4.444500   -0.279100    8.594500    7.062200   -0.157600    1.830100   -6.776000    0.799800    0.045300   -2.711700  -16.473400   -2.378000   -3.046300   -4.823900    6.693600   -0.061700    0.252200   -0.248900    2.578800  -10.879300   -2.011500    5.587600   12.078500   24.161800    3.770500    1.718600    1.961400   24.752800    1.275300    0.287700    2.194500    2.866300   -1.398200    0.018000   -7.838400  -11.144300   -9.350700   -1.341800   -8.054900  -13.928900   -7.576000    0.297600    2.878300  -14.287500   -4.606900    4.705500   -0.005000  -16.646600   -4.651000    6.801400    6.016000   -0.279100   -0.851300    1.465400   -0.200300  -16.628300   -5.247000    0.502200   -0.457600  -32.646600   -9.823000    0.141000   -0.262400  -24.753700   -7.038200    0.190300   -3.632100   -6.177300   -1.682000   -0.436600   -1.607300   -0.714200    0.893900   -2.199600    4.299400    3.662200    0.784700    1.208900    3.175200   -7.796100   -0.487100   -3.698400    1.643100    5.989800   -0.114800    2.747900    0.689100   13.589500    0.351800    4.371200    0.814300   17.347900    1.861700    2.141100    0.787700   17.141000    3.893700   -1.242000   -1.960800    8.891500    2.317600   -3.458700    2.670000    2.874000    1.946800   -3.715000    2.653300  -13.442400    0.132000  -13.558500   -0.048600  -15.028900   -0.903500  -20.320000    3.071900  -22.146600   -0.722600   -6.272900    1.641500   -3.624400    1.005900    2.271600    3.496500   24.328600    1.937500    2.995000    3.316300   30.068700    0.164800    3.330600    9.201600   31.670300    4.404000    4.091500 
  73.088700  151.972175    1.675100   32.916775   20.637875   88.883450    0.199250   55.768625  -72.988950   13.718675   -4.017550    4.049975  -63.742725   19.237350   11.089350  -27.130725   -2.411100   -5.201575    3.343000   -5.540325   -5.085025  -56.024550   -8.866000   -1.163425  -13.115425  -27.944775   -3.055575    0.009375   -1.922900   -6.150300   -1.694075    4.882975   25.650050  -25.925225   -5.798000   11.463775    4.360975  -40.042675  -14.986525   14.960675    6.156400    6.950425    6.953900   -1.353075  -18.012450  -15.708175    3.684725   -9.235900  -10.884950  -31.499075   -1.957975   -3.789150  -10.181925  -32.231725   -4.491675   -0.310375    0.565725   20.838925    5.582275   -0.568475   12.192375    4.983675    1.610125    0.048475   18.256125   -4.288450   -4.927400   10.083025    4.931000   -9.798550   -4.608425   10.339825  -30.040350   15.626750    9.383175   -7.740475   -3.671100   10.036075    9.712800   -6.280475  -14.323800  -54.691325  -16.591625    1.523650    4.267125   14.804450    2.435125    0.515150    2.431100   -6.935300    4.831575   -0.189575   15.902375  -17.295675    6.358200    2.673250    7.092150  -19.248825   -4.719925    6.776800   -5.955725   -1.196725   -2.957750   12.641150   -6.008925   -9.480625    2.373775    6.695125  -18.011250  -51.573400  -14.671500    2.609850   -2.406000   -2.310275    4.310675   -0.829150   -0.524075   12.096425   14.914500   -0.449700    4.845100  -12.035900   11.310500    0.160250    1.416150  -14.525675   -0.643050    1.131575   -4.533525   -3.128325   -0.109250   12.744100  -10.379575    6.685450    2.591725   21.174600  -13.640650    6.656550   -1.205325   14.324225    1.277300  -17.590775    3.121475  -16.599100    3.531275   14.300200    2.892300   -8.639775    2.410275   11.766125    1.313200    0.858800    0.293825    6.721475    0.838925    1.379525   -1.284575   -0.739750    2.218175   -1.171750   -0.840450   -6.885875    1.203650    6.535575   -0.561250   13.782250   -2.904300    8.463750    0.322325   -6.967600    1.526750  -13.205875    2.152350    2.650775   -1.397125  -17.358750   -3.251275   -4.388400   -1.788650   -4.570225   -5.192125   15.565650   -3.052775    4.588400   -4.687125   56.973900   -0.063125   10.386250   -2.650675   77.940675   15.230200    4.859400   12.278400   94.322825   13.064750    2.017875 
 218.415500  161.128875    7.211500   20.637875 1275.819375  606.404250   40.866250  299.548125   45.513250  214.386375  -79.385750  250.960875 -1037.689625  -51.417250   42.782750 -257.719625 -190.426500   71.550125  114.555000 -121.768625  -31.434125 -253.525750  -26.245000  -11.660125 -136.325125 -373.642875  -39.719875   -0.628125   42.676500  289.760500   38.492625   13.350875  192.763250   -9.582125   32.700000   50.737875  170.515875 -400.236375 -168.916625  181.101375  -80.464000   80.085125   18.528500   22.032625 -256.324250  205.216125   91.289625  -97.788500 -119.801750 -154.162375  -30.880875  -33.654750  -90.052625 -298.774625  -36.656375   -4.916875  -10.640375  312.382625   53.535375   14.466625  -21.188125   47.651375   32.130625   -2.606625  177.335625 -144.579250  -58.521000  133.439125  168.685000 -171.205750  -48.015125  193.041125 -342.297750   58.688750   49.788875  -46.088375 -187.316500   79.952375  106.587000  -70.468375  -59.167000 -256.923625    9.511875   11.317250   49.065625  308.339250   30.220625    6.859750    5.831500  215.365500   27.689875    0.860125   85.921875    8.343625  -15.042000   43.501250  110.199750 -172.251125  -72.887625  120.052000  -56.309625  -15.444625    5.486250   93.004750 -146.927625   -6.228125   80.802875  -40.754375 -215.631250 -438.001000  -23.592500  -27.774750   27.760000  179.739625   34.431375  -21.104750   -9.937375  280.940125   61.732500   -6.055500    3.376500  107.041500   30.952500    2.001250   15.209750   71.328625   10.876750   42.249875   11.173375  103.696375   -8.011250  167.686500 -127.299875  100.049250    1.224625  133.249000 -250.772250 -101.454250    5.896375   11.492125  -46.595500  -94.452875    5.208375 -171.411500  -10.304625   27.083000    2.419500  -83.117875    5.650375   85.210625   20.148000    0.577000   11.966125   61.348375   13.432625   12.601625    5.805125   31.656250   -0.826125   28.611250  -23.649250   -8.804375  -17.402750   65.634875  -98.846250   21.556250  -35.939500   52.233750  -41.591375  295.926000    7.353750 -104.464375  -58.152250   81.447875  -11.815625 -130.473750  -35.155375    6.509000  -13.247250  -58.077125   -8.085625  126.062250  -10.517875   16.541000  -34.425625  337.113500    6.009375   84.546250    9.043625  550.731375   51.628000   26.201000   75.866000  628.416125   97.113750   26.939375 
 436.073600  935.359650   42.687800   88.883450  606.404250 1430.449100   67.421500  307.582750 -606.423100  863.416650    4.081100   34.843050 -817.027550  489.008300   84.154300 -296.851550   55.979200  453.202150   71.089000  -52.680350  132.683050  -27.619900  -52.088000   26.002850  -50.968150 -232.312450  -39.829850   17.531250  122.718800  363.126600  -13.092850   38.372050  112.953900   53.752450  -67.044000   45.564450  -12.823950 -316.398650 -222.223950  125.307650  -22.465800  -77.206850  -35.515800   26.745150  -80.351100 -160.477650  -40.776450  -26.385200  -30.281100 -260.522850  -88.467050    0.271300  -94.920150 -350.234550  -67.175650    9.745750  -37.448450 -116.583850  -61.642550   -4.936050   12.115250 -109.203350  -82.610250   -4.338950  142.382750  -64.684100  -49.582200   72.330950  -47.932000   43.938100   -3.097150   58.621350 -308.637300  165.646500   31.497650  -43.487050   29.479200   50.823850   -2.816600    3.052950 -114.121400 -516.968350 -142.386750   49.794700   97.695750  402.682100   33.304750   18.281700   20.080800  319.271600   39.602850   -0.486850   51.940250   39.352350  -24.665400   16.348500  -76.412300 -173.738350 -117.709150   28.015400 -136.316550 -134.684550  -71.884500   61.419700  -40.771150 -140.203750  -51.405550   70.329750   19.657500 -459.770200 -104.787000   77.298300   71.977000  215.263550    7.347650   30.761300    2.617150  -30.438850  -29.104000   13.683400    3.057800 -269.180200 -115.576000   18.164500  -10.650300 -173.117650  -86.232900    8.802850  -67.364950  -65.144350  -18.536500   12.229800 -118.406850    3.710100   17.069550  -10.211200   73.999300  139.685900   89.414650   61.804550   54.349400 -206.660450   -7.519950 -130.214800   94.714450  121.410600   -4.940600  -10.802450   50.891450  281.687750    1.504600   72.961400   20.578350  270.065050   26.836150   50.182950    9.583150  182.549500   49.257650  -11.226500  -24.050100   31.316750   26.564700  -48.045150    3.587500  111.645500   33.904600   -7.532500  -17.998650  -91.672800    3.861500 -222.223250   12.163300 -219.129550  -10.235750 -239.662500   51.325550 -301.525200  -14.464700  -65.942550   13.854250 -141.434300  -22.656450   85.130200  -34.870750  169.704200  -11.128750  152.097500    1.582350  535.827650   26.630600   77.338200  124.845200  702.920350   47.245500   19.899250 
  11.729000   47.112250    7.232000    0.199250   40.866250   67.421500   20.867500    1.938750  -26.311500   49.202250   13.786500   -7.696750  -67.280750   59.564500    9.894500  -18.460750    1.468000   83.579750   16.360000   -2.957750   24.848250   42.781500    7.005000    1.425250    7.750250  -16.769250   -1.555250   -1.163750   26.272000   45.844000    8.069750    3.823250    5.693500   11.274250    8.085000    0.259250  -17.696750  -23.632250  -12.986750    4.027250    1.768000  -34.085250   -4.967000    8.709750   -0.731500  -43.537250   -7.114250    3.307000   -2.481500  -44.865250   -7.078250   -1.305500   -3.269750  -23.890750    0.372750   -1.001250    0.405750  -30.075250   -4.310750    0.431750   -1.763750  -40.117750  -14.391250   -0.831750   10.393750  -25.981500   -7.963000    5.371750    0.705000   -9.883500    3.930250    4.417750  -25.444500   -5.632500   -1.702750   -1.783250   -1.717000    6.085250    8.966000   -2.983250    8.729000    5.862250    7.901250    2.630500    9.673750   40.006500    6.993750    1.915500    1.262000   47.279000    6.355250    0.899750    0.341250   19.597750    3.349000    1.172500  -16.849500  -10.527750   -4.509750    1.361000  -12.905750  -17.290750   -5.462500    4.795500    4.010250  -17.348750    0.274250   10.528750  -14.707500  -48.828000   -9.520000    7.984500    5.960000   24.135750    1.567250    2.674500   -1.745250  -21.525250   -8.140000    0.711000   -1.018000  -54.653000  -16.220000   -0.042500    0.775500  -45.632250   -9.243500    2.320250   -6.061750  -21.172750   -2.252500    2.577000  -12.140250   -2.683500    1.485750    0.622000  -11.690500   12.538500    0.107250    1.480750    1.301000  -19.469250    0.558250   -3.877000    0.774250    2.664000   -1.474000    5.235750    2.114250   12.043750   -0.686000    8.366000    1.617750   11.983250   -0.075250    5.406750   -3.970250    9.302500   -0.502750   -0.932500  -10.771500   -6.046250   -0.504500   -5.494750   -6.172500   -3.772500   -1.586000   -5.747500   -1.687250  -13.122000    1.837500  -16.296250   -6.630500  -21.745750   -1.268750  -19.877500   -0.349250  -34.348000   -3.080500   -4.090750   -1.213750   -6.059500   -2.109250    8.213000   -6.793750   52.053000    0.786250   10.907500    3.212750   70.032250    2.499000    7.198000   17.503000   49.217750    8.237500    5.781250 
 154.431500  178.871625   -1.810500   55.768625  299.548125  307.582750    1.938750  279.174375 -180.280250   30.279125  -19.952250  165.947625 -365.788875  -33.466750   47.413250 -107.938875  -37.809500  -50.359625   45.680000  -36.840875  -22.142375 -233.592250  -20.380000   -3.190375  -80.535375 -186.308625  -16.814625    2.060625  -22.470500  -18.283500   -1.367125    3.792625   77.689750  -46.061375    8.355000   40.043625   70.577625 -142.939125  -47.609875   96.924125  -27.487000   73.745375   36.485500   26.522875 -111.282750   46.318375   57.123875  -35.700500  -59.715250  -99.347125    1.317375  -13.144250  -59.567875 -150.968875  -26.149125   -0.245625  -24.266125  101.522875   28.341125    6.914875   10.970625   23.454125   24.916875   -0.179875   51.031875  -53.612750  -15.833000   53.497375   17.210000  -65.127250   -7.590375  101.463375 -120.543250   38.041250   50.556625   14.229875  -71.834500   14.642125   39.566000  -20.420125  -82.151000 -167.395875  -36.714375    1.116750    0.926875   33.717750    9.406875    3.694250    3.844500  -46.108500   24.539625   -2.224625   33.930625  -83.174125   22.114000   11.423750   50.769250  -79.338375    0.742125   51.046000    1.671125   14.421125   17.688750   65.989250  -54.887875   15.620625   39.803625   18.781875 -107.598750 -171.878000  -16.612500  -17.249250   -3.455000   -5.826125   12.244125  -10.064250    0.957875  101.580375   52.707500   -2.716500    9.124500   64.474500   46.017500   -0.271250    1.184250   32.590875   19.775250   12.274625   -5.259875   19.249125    5.546250   76.889500  -49.574625   20.137750    7.528875  102.877000  -93.991750  -16.337750    5.704125   40.741375  -33.336500  -34.408625    0.430125  -50.309500   -7.188875   15.124000    3.993500  -37.578625    1.261125   10.681875    4.949000   -6.074000   -1.396625    0.740125    2.162875   -0.610125   -1.849625   -8.256250    5.881625   10.713750   -2.772750  -19.858125    1.111750   46.794625  -21.788750   83.568750   -6.603500   59.166250  -18.599125  106.938000    6.051250  -11.408125  -17.921750   47.568625    0.218125  -21.256250  -27.836125   31.907000   -2.896750   -0.466375  -18.936875   74.486750   -8.203625   16.653000  -11.141875  118.140500    1.763125   44.698750  -10.709125  203.309125   32.384000   16.968000    6.123000  277.653375   37.111250    6.008125 
-352.352600 -619.453150  -32.504800  -72.988950   45.513250 -606.423100  -26.311500 -180.280250 1345.877100 -279.980150  -51.865100  148.417450  298.472050 -440.315300 -129.596300  103.651050 -382.662200 -331.950650  -70.969000  -91.598150 -234.687550 -109.934100  -40.152000  -36.964350  -90.823350  -35.212050    8.446350  -16.063750  -51.510800  114.424400   31.644350  -10.286550  -96.729900  294.247050   62.099000  -37.294950  222.259450  122.832150   52.389450   -5.881150  116.137800   85.073350  -31.307200   40.446350 -140.999900  535.191150   67.576950  -71.671800 -180.454900  298.359350   13.416550  -36.708300  -84.331350   64.769050  -33.090850  -21.548250   27.978950  377.595350   66.587050    6.240550  -54.092750  172.859850   18.407750   -0.270550  -19.560250  -26.586900  -68.759800    9.423550  392.177000 -131.642100  -76.114350  103.852150  127.259300  -22.846500  -47.836150   18.331550 -244.892200  105.279650  -10.599400  -70.303450  -49.692600  340.839850   19.204250  -23.147700  -68.413250  -80.506100  -11.982250   -9.749700    1.357200  -47.205600  -83.264350   -2.041650   -3.612750  164.681150 -110.803600    9.806500  227.929300  138.244850  -41.872350   85.338600  130.176050  166.739050   22.154500   50.947300 -153.110350  483.661250  112.305050 -140.092250 -137.892500  590.513200  164.042000 -133.045300  -22.857000  163.171950   41.988850  -32.548300   16.689350  319.165350   11.879000  -16.104400   -1.879800  418.153200   23.316000   -4.084500   43.532300  340.716150   17.173900   40.315650  123.155450  173.590850  -27.613500  152.213200   42.478350  178.135900   -9.209050  136.479200 -290.711300  -51.641900  -35.173150  -85.714050  -49.505400 -121.944050   15.720450  -63.253200  -42.059950  -43.999600    6.084600  -53.287050  -29.591950 -144.390250   -7.428600  -39.492400  -14.629850 -208.474550  -43.124650  -13.788450   19.713350 -135.344500  -81.361150   73.206500   61.459100  117.025750  -46.372700  149.613650  -66.807500  105.854500  -36.343600  108.772500    7.267150  178.589800   -3.421500   31.875750   -7.620300  333.064050    6.433250   98.812500  -72.740050  401.998200    2.257700   -7.367950  -53.051750  328.106300  -11.618050  -63.893200   -4.586750  206.572800  -16.678750  -60.807500   18.881150  -39.506150   -8.044600  -39.921200  -40.878200 -242.946850  -27.520500    3.408250 
 165.295900  397.936475   23.420700   13.718675  214.386375  863.416650   49.202250   30.279125 -279.980150 1111.116975   41.539650  -41.138925 -482.817825  623.533950   31.907950 -100.113825   -1.047700  532.172725   59.191000  -26.176025  162.191075  341.075650   -3.017000   24.247275   65.423275  -62.184675   -7.440275    4.516875   82.404700   89.472900   -5.044775   12.152075   16.612850   39.899675   -0.491000   -7.877325  -84.006925 -115.514975  -92.404425   -7.359025  -22.340200 -136.933275 -100.002700   20.497225   54.515350 -219.128475 -112.478175   68.308700   44.767850 -128.289775  -68.982075   44.653450  -54.872225 -217.325825  -42.667975    5.171125  -29.506175 -269.398775  -74.457825  -20.770575  -16.067125 -154.478025  -63.875375   -3.959425   17.846625  -83.486650   -8.971800  -18.760075 -159.123000  122.707650   20.577275  -85.577475 -139.124950   96.479750  -18.166525  -11.009575  140.977300   40.388775  -62.035400   57.445425    5.568400 -223.813025 -106.790125   44.078050   58.053625  262.963650   20.464625    5.308550    6.532700  303.117900   51.657275    3.366725  -15.352125  107.054025   12.967400   -7.869750 -158.267450  -61.865525  -31.563225  -53.912400 -152.543825  -98.185825  -50.151750  -55.219450   26.413775 -194.033125 -121.142325   77.829625  188.493750 -227.998800  -89.520500  128.516450   70.958000  219.636825   -0.514025   32.823450   13.140225  -31.771275  -42.138500   18.042100  -11.449300 -252.291300 -107.276500   12.969250  -13.374450 -201.275975  -76.558850  -13.627725  -89.928425 -115.617025  -21.577250 -125.626300  -82.358275  -53.589350   -8.499175 -171.587800  245.297950  252.773350   65.378975   40.903325   84.571100   78.433325   -7.373425  -18.173700   75.140175  149.761400   -6.723900   54.010325   23.793175  181.126625   -9.237600   59.616600    8.550525  168.426575   12.016225   27.615425    2.536725   92.949250   22.053475  -37.069750  -23.205650  -53.252375    4.718050 -131.754725   10.048750  -57.951750   27.604900 -107.921250   10.385025   91.941800   -0.430250 -136.687375   24.738950  -45.068325   -0.493625 -140.598750   42.024825 -140.738800   -3.423050  -37.325325   10.241375 -118.767950  -12.860675   37.973800  -32.363625   55.267300  -19.605625   69.996250   22.549025  240.755975  -28.438600   55.360800   70.493800  182.223525  -30.244250   -3.868625 
 -20.764400  -26.852350    0.238800   -4.017550  -79.385750    4.081100   13.786500  -19.952250  -51.865100   41.539650   62.773100  -30.775950   10.131450   73.549300   37.270300    4.072450   27.483200   95.250150   14.514000    8.282650   38.429050   63.032100   10.457000    2.079850   21.788850    4.608550    1.418150    0.221250    9.599800  -30.291400   -2.529850   -0.741950   -2.918100    5.406450    8.546000   -3.871550  -38.747950   21.623350   19.672050  -14.814350   -2.511800  -39.703850    0.118200    7.018150   35.641900  -74.775650  -15.495450   16.740800   18.671900  -58.344850   -5.913050    8.882300   15.891850    3.914450    3.596350    0.640750  -14.337450 -124.280850  -14.528550   -4.472050   -5.979750 -104.105350  -18.965250   -1.072950   -8.692250  -46.286100   -3.111200   -6.505050  -19.117000    8.900100   16.334850  -12.701650   10.736700    6.591500    7.735650    0.031950   26.063200    2.665850    8.041400    7.066950   21.085600   30.994650    5.088250   -2.556300   -1.284250   -5.060900    2.374750   -1.989300   -2.028200   43.408600   13.114850    0.781150  -11.074750   42.249350   24.371600   -3.366500  -32.178300   16.484650   18.697850   -9.796600  -11.502550  -11.360550    2.225500   -7.876300   34.020850  -25.148750   -6.651550   18.824750    2.097500  -63.894200  -22.812000   14.369300   -1.108000   23.119550    0.925650    5.082300   -4.699850  -45.080850   -7.654000   -0.453600   -3.846200  -82.054200  -14.391000   -1.290500   -1.691300  -81.855650  -11.815900   -2.415150   -9.558950  -54.601350   -7.961500  -14.604200  -11.408850  -20.247900   -1.394450  -13.065200   29.410300   29.103900    0.967650    8.320550   -0.657600    5.130550    2.066050   23.119200   -6.526550   -2.957400   -3.587600   18.083550    2.625450    4.832750   -3.488400   14.109400    1.450350    2.656050   -4.085850    8.621950   -6.523850   -1.135500   -6.199350   -4.641500  -18.817100   -6.193250    0.463700  -14.373150   10.122500    4.245500    6.751600  -11.122500   -2.496650  -76.253800    1.996500   -1.923250   -3.210700  -72.160550    0.269250   12.597500    1.606550 -102.109200   -3.728700   12.076450   -0.080750 -110.205300   -5.275450   10.069200  -14.865750  -66.171800   -3.938750   14.922500  -11.765650   16.055650    0.372600   10.802200   16.289200   13.207350    8.260500    1.569250 
 -21.494700 -100.142425  -12.058100    4.049975  250.960875   34.843050   -7.696750  165.947625  148.417450  -41.138925  -30.775950  419.810775 -373.420525 -195.932850   -3.824850   87.837475 -189.625900 -145.021175   21.472000  -57.994925 -100.959225 -317.593950  -36.834000  -12.343825 -139.161825 -293.091975  -21.047175   -8.300625  -72.275100 -106.255700    3.926325    0.167775  -20.761550   53.786975   35.258000   17.167975   74.314775  -30.702075   17.357275   88.814075   -1.513400   97.816825   18.269100  104.130325  -99.639050  175.068425   71.173525    6.552900 -109.721550  -81.988675    1.817225  -10.411350 -141.660325 -229.876525  -49.853075  -14.193375  -46.152475   12.388325   34.784475   10.557725  -29.938625   38.641075   33.276125   -1.822725  -24.384875  -45.268050   -8.005600   20.986225   32.379000  -67.459950  -11.038825  113.830425  -14.074150  -16.829250   14.011575  101.249725  -89.850900  -25.628325    3.838200    5.784725 -111.462200  -63.833925  -35.824625   11.876850  -24.340875  -13.452950   10.236125    6.870350   -9.679100  -47.200700   11.441175   -2.643175  -12.168625  -48.324075   10.445800    3.084250   26.668350   13.688575   29.087675   38.549200   23.507475  100.598475   30.410250   74.954350  -55.438325  125.844375   56.542975   42.201125  -95.381250   61.975400   52.261500  -16.560350   -9.909000  -24.941475   13.579075  -14.351350    1.136325  117.075825   49.330500   -1.294300    1.411900  152.012900   55.024500    0.122250   -7.540650  110.275925   40.629550   10.626175  -17.655725   73.793075    6.341750   63.867900  -23.688175   70.071050    3.951525  131.897400  -90.459850   21.806950    9.160075   79.994025  -15.846300   20.404025   -5.170725   12.607100  -29.684525  -32.311200    6.018700  -17.696975   -7.443525  -43.999875    5.645800  -13.462800   -5.253575  -54.865725   -8.241675   -5.435275   -5.743175    0.257250  -14.498425   14.139250   -0.986050   26.137125  -12.058150   51.867175  -26.336250  103.880250   -1.286700   88.008750  -32.387075  195.170600    1.610750   99.492125  -46.462850  125.180975    8.795875   69.971250  -58.030475  133.255400    4.643150   10.806975  -15.144125  103.959850    0.076025   24.704600   10.640875   -6.470900   12.791875   18.171250   -3.444075  -60.025925   13.153800   -1.531400  -40.280400 -114.232575   -4.182250  -10.774125 
-306.337300 -455.254325  -27.947900  -63.742725 -1037.689625 -817.027550  -67.280750 -365.788875  298.472050 -482.817825   10.131450 -373.420525 1706.897775 -218.840650  -81.183650  231.584775  224.651900 -376.548075 -185.262000  122.858175 -189.870525   59.099450  -41.746000   -2.321925   16.506075  401.789725   33.052925    9.536875  -55.205900 -117.456300  -54.395575  -15.452525 -181.133950  131.905275  -55.938000  -53.940725 -109.274525  491.073825  145.642975 -195.880825  181.524400   28.863925   10.861900  -54.369575  231.883550   84.518325  -61.355775   53.996100   29.656050  426.719425   20.082525   13.057850   95.894575  442.203775   47.394825    9.107125  -37.114775 -233.687575  -56.737225  -21.692975    2.629875  -15.647825  -56.237375    5.342975 -164.866375  148.552550    9.769600 -108.446475   -1.759000  106.220450   14.313075 -149.463675  437.982650  -32.473250  -49.678325   35.530025   72.231900  -36.352425 -110.076200   29.330025   29.450200  387.017175   12.840875  -43.183350 -113.015375 -463.091550  -59.042375  -19.261850  -16.231900 -309.976300  -93.921925    1.003925  -60.235125   36.620825  -83.447800  -27.726750   17.955150  224.994675   28.406575  -85.922200  133.599775   90.548775    7.377250  -86.775850  113.877575  234.616875  -25.265725  -51.332375  145.048750  734.308600   79.458500  -77.828150  -39.026000 -135.095775  -43.205825   23.657850    2.644425 -176.270075  -80.610500   10.826300   -6.997900  121.821100  -34.779500   -2.004750   -5.555850  147.820825   -8.164050  -26.971925   47.250975    1.055175   -7.864250 -105.558900  201.838925   -7.815550    8.076225 -114.893400  145.656350  -73.422450  -29.551825 -109.511275  -23.351700  105.118725  -19.739025  170.718900  -15.883225  -54.175800  -11.861700   91.294725   -8.869225 -120.596375  -13.972800   -3.745200  -16.939675 -130.244025  -25.542575  -14.024975   -4.091075 -126.084750  -30.558325    5.998250   59.480550    5.451625    2.931650  -12.122925  110.223750  -56.677750   -1.920300  -24.776250  -49.681175 -363.674600  -20.078250   66.261625   43.864350 -151.538725    5.820375  150.286250   42.543225    1.573600   17.968350  128.605275    0.935375  -91.801350    7.001725   17.116400   33.540375 -283.788100  -37.575625  -70.298750  -34.059175 -552.310825  -88.535800  -27.042600 -114.408600 -541.005675 -117.205250  -24.769625 
 137.801800  407.592950   32.271400   19.237350  -51.417250  489.008300   59.564500  -33.466750 -440.315300  623.533950   73.549300 -195.932850 -218.840650  828.737900  109.225900 -140.162650  165.704600  840.590450  119.132000   18.662950  258.962150  454.831300   41.646000   29.984550  120.761550    5.835650   -9.260550   -8.396250   97.139400   64.865800   13.400450    9.754150   25.250700  -88.360650    7.743000  -13.874650 -134.843850 -121.924950  -56.223850  -28.658050   53.479600 -230.251550  -55.950400   12.404450   98.635700 -441.041950 -131.586350   63.737400   73.825700 -298.719550  -58.289150   25.381900   54.160550  -84.286650    0.449050    7.707250   -5.862350 -288.747550  -50.710650  -15.916150    6.185750 -280.106050  -63.030750   -5.388850   42.958250 -130.323300    8.621400   -8.820150 -161.726000   89.935300   35.304550  -79.204950 -118.219900   75.944500    5.161950  -36.099150  149.879600   76.822550   34.534200   25.495850  104.221800  -51.116050    3.789750   38.251100   54.182250  149.392300   22.984250    7.092100    6.695400  184.270800   66.649550    8.253450  -16.519250   71.408050   76.999800  -11.819500 -190.829900  -45.251050    0.128550  -79.174800 -118.697650 -136.841650  -34.123500  -48.528900   89.637550 -288.391250  -98.039650  114.639250   93.182500 -416.757600 -125.186000  118.242900   45.481000  143.953650  -10.863050   34.256900    4.880450 -197.932550  -42.272000   14.339200   -9.978600 -395.762600  -90.523000    8.348500  -15.133900 -313.271950  -63.427700  -27.140450  -70.791850 -154.929050   -5.994500 -130.562600  -78.876550  -68.678700   -2.023350 -118.510600  162.060900  221.571700   29.902950   46.461650   54.332200   42.166650   -4.491850   42.467600   58.615350  116.517800   -8.827800   77.520650   17.581350  130.783250   -5.515200   56.338200    7.681050  125.538150   18.617450   12.760850   -4.156550   77.588500   35.796950  -70.399500  -43.991300 -102.954750   17.076100 -156.509450    8.302500 -105.788500    7.809800 -122.052500  -10.349950 -180.881400    7.474500 -113.464750   50.027900 -161.436650    2.287750 -128.742500   50.304650 -236.437600   -1.576100    7.834350   -5.312250 -103.250900   -8.351350   43.397600  -18.377250  197.829600   -7.336250   38.442500   33.943050  247.581950   -8.187200   40.646600  105.377600  159.702050   11.226500    4.112750 
  24.647800   18.716950    0.559400   11.089350   42.782750   84.154300    9.894500   47.413250 -129.596300   31.907950   37.270300   -3.824850  -81.183650  109.225900   93.403900  -39.655650   82.431600  156.774450   79.147000   -2.493050   59.315150  -11.997700   10.186000    1.610550   -9.987450  -82.621350   -7.696550   -2.996250   -5.887600  -51.788200    4.664450   -2.152850   28.814700  -35.043650   16.778000    3.207350  -19.750850  -25.708950    1.549150   10.185950   31.626600  -34.242550   25.846600   22.943450    3.529700 -114.765950   -1.503350    7.400400  -16.365300 -131.850550   -8.077150   -1.230100    9.881550  -34.319650    5.985050   -1.242750  -18.219350  -40.708550    7.831350   -4.354150   -5.724250 -104.252050   -1.190750   -2.820850   12.683250  -81.479300   -1.350600   14.606850   -5.246000  -12.088700   10.850550   30.181050  -24.812900   38.784500   33.240950    2.412850    7.446600   15.193550   47.803200   -5.657150   -8.552200  -55.822050   15.444750   -6.551900   -7.372750  -11.251700    6.054250   -1.900900   -3.846600  -27.578200   28.785550    0.082450   -2.219250  -19.535950   49.510800    0.995500  -23.637900  -22.117050   25.959550   -0.035800   -0.030650  -32.884650    8.536500   20.513100   21.698550  -55.411250    2.262350   43.184250  -62.852500 -193.564600  -37.601000    9.895900   -2.489000   18.036650    6.160950    1.859900   -7.770550  -28.118550   18.958000   -0.741800   -2.590600  -79.469600    9.912000   -0.431500   -6.316900  -86.580950    0.453300   -2.589450  -20.078850  -56.635050   -6.789500   10.095400  -35.882550  -17.932700   -3.190350   35.532400  -12.331100   23.235700   -1.473050   32.339650   -8.703800  -43.530350   -1.073850    8.504600   -2.972650  -23.876200   -4.903800    4.008650    6.408350   -6.811750    0.100800    6.232200    1.947050    5.421150    0.571450    3.217850  -10.642550    1.433500    0.960950  -13.364500  -24.012300  -23.304750    3.213100  -11.133450    1.652500   10.096500    3.730800   -3.002500  -16.288950  -82.084400    3.624500   -1.354750   -2.019100  -79.944650   -1.567250    5.847500    4.037650  -95.034600   -4.158100   10.976350   -1.537250  -57.228900   -4.978350   17.979600  -14.782250   22.976600    2.698750   19.587500  -10.610950   94.070950   12.068800   11.953600   22.934600  131.843050   32.666500   -2.127250 
-127.541300 -232.330325  -12.489900  -27.130725 -257.719625 -296.851550  -18.460750 -107.938875  103.651050 -100.113825    4.072450   87.837475  231.584775 -140.162650  -39.655650  270.561775  -80.471100 -172.014075  -48.547000   56.882175  -91.377525  -52.819550   -4.596000   -7.995925  -43.782925  -18.207275   12.566925   -3.133125  -64.172900 -276.890300  -13.651575   -8.159525  -80.599950  -37.627725    6.387000  -16.008725  -64.191525  121.729825   90.365975  -50.156825   -5.148600   -6.227075   -4.221100   37.989425   72.407550  -18.495675  -13.442775   73.109100   12.585050   76.588425   28.254525   13.845850  -43.314425   63.710775   12.330825   -5.072875  -25.351775 -256.418575  -14.455225   -5.400975  -16.650125  -24.423825    3.182625    3.450975  -99.981375   41.316550   30.587600  -52.209475 -101.399000   37.216450   22.449075  -55.027675  137.509650  -77.483250  -21.079325   67.872025   56.138900  -45.131425  -36.627200   49.607025    8.426200  164.111175    9.745875   -4.346350  -34.790375 -172.555550  -14.722375   -3.844850  -14.793900  -84.695300  -12.935925   -1.707075  -50.105125  -18.773175   12.093200  -15.701750  -58.232850   95.488675   62.527575  -48.613200   -1.023225   63.605775   23.217250  -27.383850   45.748575  -11.903125  -14.463725   33.082625   78.573750  229.311600   41.153500    9.344850  -14.896000 -113.942775  -11.011825    1.960850   -1.716575  -49.856075   -7.450500    7.345300   -6.839900   62.494100   23.285500   -1.984750  -16.078850   49.701825   28.496950  -16.290925  -36.006025    7.929175    8.210750  -65.400900   63.712925  -19.819550   -4.550775  -26.120400  118.874350   58.611550   -7.257825   38.876725   39.622300  159.261725   -3.601025  110.645900  -15.601225  -35.169800   -2.237700   45.472725  -13.382225  -67.231375   -2.786800   -6.301200   -9.533675  -75.161025  -12.348575  -10.507975   -9.117075  -50.809750  -18.734325  -12.496750    8.859550  -17.448375   -8.121350  -17.626925   41.793750   16.687250    0.300700    0.813750    1.749825   52.812400   -6.148250  152.571625  -15.202650   40.593275    3.385375  149.876250  -28.293775   66.376600    7.576350   40.347275   -0.279625  -50.509350   13.624725  -16.351600   24.195375 -258.961100   11.629375  -47.183750    1.166825 -421.901825  -19.319800  -26.175600  -65.781600 -477.094675  -56.165250  -17.129625 
