  69.313975  270.119700   16.619650   11.619675   31.440025  236.670300   30.313100    9.634225  -79.993250  168.681975   38.622400   -0.407275  -40.524925  111.330500   18.367300   -9.305625   34.927475   39.904750   -6.104750   -0.949975  -30.819625  -10.673350   -4.588875  -31.278450  -49.331625  -61.723075   -2.180850  -57.730150   27.008200   -4.689250  -17.515625    7.497375   17.282900  -65.894650  -20.951025    3.520825   41.424750  -52.057200  -26.565050   -1.299500   17.952350  -66.883975  -33.318025   -6.865000   32.178900  -63.054500  -24.317925   -0.298525   12.397400  -18.597775   -4.144125   -9.259850  -10.142800  -15.304400    2.910075  -15.880425  -20.040425 -196.918500  -30.910675   -5.800800   23.311350 -143.075625  -21.052200   -2.935525   21.100475  -57.921325   -7.448925   -8.306975  -14.970425    5.372600  -12.818075    2.164100   36.106000  -11.919575   -3.285450    7.014775   17.867400   -1.225850    2.638850   -5.676600   -1.085850   46.647350    2.123275   11.255025    4.919675  -11.607675   -1.051625   -0.895975   15.459975   -4.576775    7.233500    0.216650  -37.633000   12.092200   11.641650   -1.725200  -37.750825   15.203575   -0.798100    5.169550   33.893350  -38.871525   -8.872775   24.552700   20.864300  -26.752350    0.018600   -5.013100    1.771525    1.965700    1.018000  -20.007575   27.092275   -4.644600  -25.478450    1.127225   17.797575  -36.724400  -22.052500    1.045675  -20.847250  -20.167375    0.469125   -3.131050  -18.872550  -18.058800   -9.101150    6.607800   61.015500  -34.311375    0.749625   15.847550   14.541275  -11.927675    2.358750    4.611350  -38.723875    2.320050   11.423525  -11.097800  -13.719625  -30.183325  -23.882350  -11.308000   46.206475  -25.584025   -8.729875   -1.165025  -33.832925  -10.110125    1.214025    3.435975  -34.815875   -1.157500   -2.469675    2.175650   52.163325   -2.638825   -0.267900    4.254300    6.424625    2.356350  -13.018600    7.761225  -32.859900    6.242075  -18.617225    5.099900    3.041050  -17.407800    8.542825  -37.300625   51.967025  -74.858875    5.482575  -24.160625  -15.995300  -31.535275  -22.249800    6.034325  -27.704500   13.373625   -0.341250   -3.108125   30.236525  -25.648800   -8.435725   -2.499600   -2.646675  -24.259325  -50.346000    4.259100   24.513250   22.829350  -39.171000    1.525400 
 270.119700 1531.380400  110.368800   55.057100   90.473300 1244.484600  182.464200   20.707700 -295.864000  881.425700  241.711800  -16.855300 -110.165100  649.461000  134.413600  -21.032500  182.291700  356.642000   -2.282000   -3.641700 -123.250500  -20.322200  -19.071500 -179.725400 -238.004500 -335.105900  -14.987200 -351.844800  130.387400  498.534000  -31.482500   35.493500   32.017800 -103.963800  -88.070300    9.648900  169.117000 -230.720400 -144.011600   -1.319000  208.075200 -420.824700 -207.374300  -34.650000  143.134800 -334.729000 -147.791100    1.294700   63.621800  -85.046300  -21.069500  -36.660200  -23.324600 -110.020800    8.164900  -91.936100 -122.306100 -1257.447000 -200.339100  -36.880600   74.713200 -963.092500 -173.560400  -18.374300  115.777700 -422.164900  -80.808100  -49.275700   83.863900  -50.271800  -89.590900   14.101200  225.717000  -42.353900  -26.129400   47.325300  128.606800   43.647800   18.533200   15.123800   22.697800  316.025200    3.477300   73.953300   -9.162900 -178.573100   -9.669500   -9.643700   40.161700  -12.904300   50.557000   -2.032200 -183.886000  123.060400   76.992800  -17.631400 -119.918900   67.701900   -1.139200   10.010600  215.107200 -111.026300  -26.026300   88.576400  156.552600  -34.150200   22.690200   18.340800   72.496300  155.012400   12.221000  -49.429900  136.180300  -39.472200  -75.670400    4.003700   98.154900 -129.190800  -56.875000   -0.860900  -47.717000  -69.848500    4.559500  -14.408600    2.843400 -126.306600  -56.111800   10.884600  318.621000 -209.881500   12.570500   24.271600   94.313300  -37.168100   22.635000  -10.461800  -65.961500   75.901600  111.580300   -8.069600   42.999500 -178.063900 -138.935200  -22.796000  252.614700 -183.326300  -73.798500    0.076700 -121.691100  -86.786500   -2.518700    1.133700 -116.420500  -15.960000    8.942900    6.220800  250.853900  -18.349900    0.187200   12.177600  -59.319500   55.348200  -80.095200   31.951700  -48.901800   96.778900  -64.563700   63.686800   -3.066400 -145.259600   13.452900 -113.147500  275.597300 -320.951500    0.829900   -9.702500  -52.099600 -109.291300  -65.658600   28.480900 -128.914000   54.433500   15.465000   -9.077500  144.651300 -222.356600 -104.655700  -18.272200  -41.151100 -174.835900 -326.057000   10.761200  295.874000  239.389200 -103.687000   12.317800 
  16.619650  110.368800   20.441100    0.462450   22.546350  112.061200   24.252400    1.903150  -36.685500   91.751650   25.124600   -3.122850  -22.440950   85.552000   21.009200   -3.108750   25.403650   59.906500    5.403500    0.161350   -3.924750    8.619100    1.520750  -15.451300  -28.222750  -23.951050   -0.405900  -28.988100   13.427800   69.170500   15.831250   -1.051750   12.736600  -12.931100    1.369650    1.499550   16.811500  -32.718800  -14.107700   -0.413000   11.256900  -54.134650  -23.403350   -5.520000   12.405600  -43.208000  -16.492950   -1.425350    5.079600   -5.839850   -1.597750   -0.536900    6.193800    5.892400    2.114050   10.222050  -10.827950 -120.919000  -17.676450   -4.048200   22.877900 -104.558750  -18.038800   -0.908350   15.280650  -47.536550  -11.296950   -3.911650   -4.732950   -3.074600   -9.161050    1.801400   19.929000    3.867950   -3.179300    7.422850    2.154600    6.349100    0.452900    6.508600   -2.295900   24.601900    1.631850    5.651350   -2.297550  -24.219450   -0.582750   -1.102650   16.003650   -4.585850    5.669000    0.224100  -17.232000   16.343800    8.914100   -1.830800  -14.744550    8.258050    4.557600   -2.874300   18.485900   -6.257350   -2.794850    7.800800   11.187200   -3.776900    0.684400   15.957600    0.872350   -8.012200    0.937000  -10.874050    7.352850   -6.518400   -0.021300    0.665150   21.209050  -17.927600   -1.640000    0.421450   -0.711500  -14.103250   -4.127250   -1.661700    6.042300  -21.550200   -5.847100   -1.728800   28.307000  -30.884250   -1.455250   -4.407300   13.913850  -14.069450    0.437500   -2.022100    7.225750   -2.357300   -1.474650    0.518800    1.570250  -13.839550   -3.256900   -1.502000   33.079650  -17.797350   -9.248250   -0.266350   -8.197950  -11.276750   -4.147650   -0.632350   -7.487250   -0.915000    3.192550   -0.489900   23.139550   -1.076550    2.598400    0.127200    3.529750   -5.037100   -2.474400   -3.113850   10.490400   -3.367950  -13.715150    2.284600    8.291700   10.088800    4.977550   -2.803750   24.084350  -14.379250    3.334050    0.316250   -5.111200   -9.124850    1.900800   -0.711450   -7.743000    5.565750    5.867500   -1.653750   20.192350   -9.960200    0.310850   -1.473400   -4.685450  -19.288550  -15.639000   -0.333600   33.125500   20.899900   -5.814000   -0.003400 
  11.619675   55.057100    0.462450    7.329775    4.847325   40.067900    7.968300    2.287925   -4.517250   24.043675    9.783200    1.658425  -10.808025   17.246500    1.723900   -1.148125    1.780175    3.286750   -1.956750    0.547325   -4.370125   -5.141550   -1.815375   -3.070850   -7.706125  -17.110975   -0.654050   -8.668950    3.242600   -5.155250   -5.318125    5.555875   -1.455300  -10.692450   -3.295325    1.591725   12.106750   -8.979600   -3.629650    1.981500    5.613550  -13.739675   -5.211325   -0.615000    2.172700  -11.758500   -4.047025    0.082175    8.053200   -1.603075   -0.863625    0.548950    3.039600   -3.389200   -1.048025   -0.404525   -4.034525  -40.385500   -6.112775   -0.904400   -3.114450  -26.048125   -4.284600   -1.118825    6.664175   -9.348225   -1.135025    0.081325    1.480475   -1.888200   -1.870975    3.191300    6.408000   -2.115475    1.008150    1.394075   10.353200    5.190950    1.763050    0.456200    3.175950   19.933550   -0.955425    5.087325    0.889775   -4.608775    0.058875   -0.200675   -1.842325   -2.300075    1.570500   -0.136550   -1.569000    0.819600    0.593450    0.271400   -3.726725   -1.262525    0.011700    1.178150    9.721550  -11.311825    1.826925    3.166100   10.289900   -8.128550    1.994800   -3.033300    4.626825    4.370100    1.254000   -3.099475    3.491575   -7.292800   -4.625850   -0.363075    0.429475  -10.069200   -2.562500   -0.357225   -4.244250   -3.075875    1.243625   -0.082650   -2.637150    0.541600    2.448050    1.790400   11.666500   -3.067875    3.500125    2.462150    4.668575    0.026225    3.518750    3.020550  -11.325375   -0.940350   13.317825   -3.525400   -3.355125  -12.554225   -6.733550   -1.724000    7.272175   -9.319325   -0.648375   -0.952325   -4.217025   -1.251625    3.019325    1.205675   -4.391375   -0.517500    2.005225    1.455450    6.814225   -0.205725    0.510300    0.764900   -2.809875    8.590550   -3.339800    5.093925  -11.100700    8.377975    1.613075    4.470700   -6.702350  -19.535400   -0.952275   -4.253125   11.158325  -15.885375   -3.105525    2.241875    1.742100   -4.205575   -2.676400    2.167225   -1.598500   -3.377875    1.698750   -0.455625    3.256825  -10.728400   -6.822425   -0.342800   -2.825775   -3.357225  -20.148000    1.661300   -5.032750   -0.480450  -14.158000    1.292200 
  31.440025   90.473300   22.546350    4.847325  996.105975  282.811700   49.130900  100.119775  442.248250  271.462025   -2.351400  122.571275 -756.457075   96.109500   33.419700  -95.429375   13.901525  -88.644750  -17.190250  -32.524025  -79.305375  -97.525650  -32.776125  -99.844550 -110.018375 -165.874925  -14.498150 -219.930850   83.434800  357.764250   32.685625    9.392625  315.733100  -87.351350   -2.469975   74.462175  155.315250 -229.565800  -47.516950   65.504500 -354.823350  122.929975  -27.932975  -64.425000   27.267100 -217.340500  -55.034075   -8.002475   64.358600    5.866775  -17.420875   87.745850   78.665800   66.978400  -12.622075  112.373425    9.593425 -185.161500  -43.826325  -14.541200  271.967650 -266.949375  -66.480800   53.394525  299.573525 -185.291675  -45.723075   85.817975 -464.996575   -5.493600  -42.399925  -10.380100   -9.441000 -123.928425  -17.122550   -0.483775   26.918600   12.811850   -6.394850   66.192600  141.426850  136.716650    4.627725  144.450975   19.422325    8.610675    1.936625   -0.908025  228.929025   10.450775  -21.413500   15.374350  201.358000  -35.944200  -64.350650   64.237200 -281.682175  194.369425   -4.315900   -4.817550  -26.549350  -52.559475  -20.383225   91.650300  -12.257300 -139.036650   -9.754600   10.259100  139.974475  -46.322700    8.362000  -18.535425   55.718725   95.215600  -28.529550   19.586775   54.010425   16.703400 -114.037500   14.131325   80.492250  -96.192625  -86.704125   11.179050 -172.039450   63.426800  -11.014850   -1.075800  -23.980500   15.721375   -7.304625   70.324450   63.914725  -53.274325   -3.548750  130.572650  -90.921125  -73.638050   -6.607525  -78.239200  -35.845375  135.795325    1.238350   17.093000   41.482525  105.793025  -56.120125   45.179025  132.255925   15.870125  -77.798025   16.443025 -163.429125   -5.447500  -30.892325   -4.089650  -42.765325   -3.624175   -6.778100    3.992700  180.990375  -15.612350  -35.045400   34.917775  -48.536100  -41.814075  -92.191775   18.561100  223.165950  388.080800   66.995175  -69.919375   88.263975   73.068875   33.420425  -69.879375  156.648300 -160.340725  -43.932200  -25.401325  -92.325500 -132.953625  -51.578750  -11.641875   22.799475   12.076800  -28.498275   34.075600  156.389675   61.006325  -42.699000   15.399900   51.351750  -64.155350  -94.914000    1.110600 
 236.670300 1244.484600  112.061200   40.067900  282.811700 1380.000400  204.260800   65.267300 -319.271000 1021.734300  279.633200   38.855300 -282.674900  706.224000  201.651400  -22.867500  199.178300  364.138000   21.002000    2.511700 -122.904500  -50.097800  -29.763500 -186.454600 -325.675500 -375.609100  -20.727800 -403.405200  126.607600  386.271000    1.687500   21.331500  145.167200  -49.541200  -63.859700   26.571100  242.268000 -240.379600 -160.733400    9.359000  119.729800 -453.810300 -208.805700  -65.770000  128.485200 -442.036000 -168.293900   -7.874700   67.108200  -83.818700  -33.605500  -19.559800    2.559600  -39.744200   -7.714900  -37.233900 -134.553900 -1344.323000 -204.335900  -44.654400  172.396800 -1103.117500 -188.059600  -12.265700  244.102300 -511.125100  -89.306900  -45.399300  -21.248900  -39.028200  -90.859100    6.063800  187.023000   -2.016100  -18.990600   44.734700   91.183200  154.712200   14.801800   43.931200   15.762200  340.219800   -2.617300  113.181700   -0.437100 -168.871900    7.349500   -8.421300  135.233300    4.984300   54.523000    3.767200 -121.004000  114.924600   73.847200   -3.593600 -209.846100   99.623100   43.259200  -11.670600  169.017800 -109.683700   -2.718700   67.693600  115.472400   -3.154800   23.349800   17.549200  144.493700  101.487600   22.499000    9.579900  161.539700   54.432200  -41.824600   12.501300  134.695100 -114.894200  -79.180000    7.730900   19.687000 -129.066500  -47.374500  -14.671400  -59.258400 -169.408400  -50.833200   -5.939600  261.244000 -260.358500    5.724500    2.208400   44.656700 -108.571900   16.795000  -44.138200   95.146500    9.778400  108.494700  -44.970400   53.885500  -46.431100  -84.829800   -2.549000  225.615300 -113.948700  -88.101500   -1.171700  -39.758900  -80.633500  -34.106300    4.371300 -212.144500   -5.850000    8.372100   11.209200  190.956100   -3.670100    6.347800   13.777400  -73.145500   27.876800  -26.219800    4.053300  -20.103200   46.356100    2.143700   18.653200   65.276400  103.234600   39.312100  -84.832500  270.087700 -139.398500    3.350100  -51.572500   31.684600 -168.563700  -68.516400   -6.885900 -179.221000  -19.288500  -16.260000  -11.727500  119.693700 -126.723400  -51.184300   -3.522800  -88.558900 -103.604100 -162.778000   15.663800  124.051000  118.570800  -48.473000    7.557200 
  30.313100  182.464200   24.252400    7.968300   49.130900  204.260800   65.121600    5.482100  -63.902000  161.011100   85.586400   -2.116900  -71.852300  152.768000   59.992800  -10.047500   44.734100   75.616000   17.934000   -0.354100  -21.366500   -6.700600    2.625500  -29.089200  -84.353500  -67.660700   -1.660600  -66.270400   23.865200   74.947000   19.792500    2.540500   40.309400  -25.312400   13.608100    5.014700   60.836000  -85.044200  -18.761800   -3.622000    5.684600 -122.833100  -44.328900  -19.950000   23.305400 -109.247000  -33.260300   -4.071900   28.096400   -8.014900   -4.278500    3.370400  -10.375800    6.731600   -0.397300   14.869700  -19.295300 -248.471000  -33.354300   -8.653800   68.413600 -218.427500  -33.944200   -1.173900   79.362100 -111.007700  -17.326300   -9.841100  -45.435300   -9.051400  -15.220700    2.182600   37.396000   20.795300    4.568800   12.856900   27.656400   55.729400    6.888600   18.502400    2.209400   97.999600    2.337900   24.295900   -3.456700  -59.206300   -2.368500   -2.520100   56.284100  -22.958900   14.881000    0.434400    0.512000   11.954200   15.949400   -0.672200  -58.434700   24.203700   15.948400   -5.306200   45.415600  -40.879900    6.265100   13.982200   39.099800  -29.189600    6.879600    7.028400   50.179900    2.660200   11.003000  -18.697700   10.301900   -8.930600    8.300800   -1.309900   37.707700  -39.043400   -3.750000    2.674300   15.974000  -44.590500  -10.696500   -3.652800  -29.901800  -39.381800  -11.166400   -4.619200   67.513000  -74.624500    3.926500    0.401800   38.720900  -49.701300    7.495000  -18.691400   15.740500  -35.638200   41.406900  -33.300800   13.453500  -26.719700   16.540400   -5.213000   50.253100  -27.554900   -5.955500   -3.270900    4.179700  -27.129500   -7.300100   -2.419900  -72.261500   -3.295000    3.636700   -0.146600   47.914700    5.187300    9.710600    4.519800   10.661500   11.453600    9.710400    0.524100  -51.981400   -3.600300   10.199900   -4.003600   41.007800   62.809200   16.246700   -5.417500   40.887900  -16.714500   14.137700  -22.327500    5.059200  -81.079900   -5.462800  -14.424300  -61.617000  -24.414500   -9.290000   -1.837500   40.024900    0.438200   -5.391100    3.634400  -15.045300  -38.745700  -30.571000    3.777600  -33.308000  -32.373400  -43.131000    0.874400 
   9.634225   20.707700    1.903150    2.287925  100.119775   65.267300    5.482100   30.181975   -8.040750   31.302225   -2.566600   41.230475  -98.290675   -5.414500   -2.435700   -7.694375   -2.757275  -18.152750   -6.232250   -3.135225  -21.718375  -21.314850   -5.550125  -13.673950  -15.735375  -29.462325   -2.207350  -25.033650   10.821200   33.288250   -1.274375    2.938625   28.928900   -9.338150   -3.930775   12.497575   20.317250  -16.545200   -8.434550   13.565500  -33.296150    8.795775   -3.942775   -5.215000    2.984900  -24.389500   -7.378675   -0.138275    4.268400    2.469975   -2.652875    5.553650    3.385200   -3.995400   -1.800675    0.418825    0.353825  -26.423500   -4.398925   -1.107800   23.232850  -25.484375   -4.300200    4.689725   30.120725   -8.078075   -4.274675   10.402775  -41.641175    2.411600   -5.047325    1.103100   -1.594000  -18.198825   -1.705950   -0.032975    6.223400    6.652650   -0.069650    9.229400   17.577650   22.108850    1.835525   25.319775    3.532925    6.904075    1.489625    0.813775   21.865225   -3.599025   -5.051500    1.715150   18.512000   -1.769800   -6.964850    5.951800  -19.672575   17.157825   -1.387100    0.134050   -2.115150   -6.436275   -0.650025    8.495700   -2.628700   -8.913850    0.177600   -2.272100   15.131275   -1.011300    2.738000    4.013175    0.409525    3.556400  -10.788950    2.994975    1.506825   -8.945400  -15.577500    1.468925   -7.504750   -8.943625   -2.617125   -0.665550  -25.052050   10.634200    7.080350    0.719800    0.220500    7.432375    3.218375    7.087050    0.443525    5.694075    0.921250   10.187850  -10.450125    4.254550    1.593275   -7.794800  -11.508375   17.744925    2.266150   -5.123000    1.621725   17.346225    1.518875    0.215225   -6.003675    2.311125   -2.361225    4.321225  -25.997125    1.717500   -1.377925    1.044150   -3.084925   -0.550575    0.121100    0.546300   10.228375    1.362850   -0.717600    0.623975   -2.755900    1.011325   -4.084975   -0.294100   49.610550   53.500200   12.109575  -10.219375   26.786775   19.449875    7.931825   -6.319375   14.427700  -19.207525   -2.781800    1.116075  -12.409500  -20.682625   -2.838750   -1.236875    7.331275   -4.570800    2.721525    2.836400    8.685075   13.328925   -3.076000    2.678100   -7.519250   -3.819150   -8.756000   -0.008600 
 -79.993250 -295.864000  -36.685500   -4.517250  442.248250 -319.271000  -63.902000   -8.040750 2648.057500 -116.548250  -97.518000  171.569250  864.854750 -139.840000  -60.261000   64.398750 -192.643250 -213.317500  -31.212500  -93.961750 -480.421250 -283.020500  -50.573750 -358.083500 -776.401250 -682.729750  -24.105500 -689.584500   31.366000  497.477500  -49.936250  -18.496250   16.557000  378.785500  -36.173250  -35.832750  266.392500   96.404000   76.868500   12.765000  -63.824500  289.263250  112.811750    3.275000  -35.308000   25.560000   43.454750  -26.523250  148.867000    7.099250   -6.826250  128.294500   -1.779000   35.583000    1.624750  215.989750   51.029750  270.715000  -60.572750  -28.964000  -88.684500  332.718750  -35.766000   -5.558250  252.256750   64.692750    5.009750   27.763250  -53.660250 -109.157000  -11.619750  -25.767000 -126.170000 -248.064750  -62.638500   -5.569250   94.662000 -179.980500  -31.689500  117.102000  496.599500  461.595500   15.950750  703.748250   -9.742250 -138.682750   -7.686250   -7.946750  -55.178250   99.679250   27.055000    5.999500  247.930000   47.461000  -10.860500   12.404000  -58.202250  250.924750  -66.168000  -21.178500  -82.869500   98.151750 -130.350750  131.466000   54.864000 -323.535500  -37.982000   81.852000  137.668250  -18.474000   -1.055000   10.825250  116.580750  163.567000  111.716500   -4.285750  -40.555250  295.118000   54.710000   -5.197250  239.367500   66.346250  -83.168750   10.363500  -10.666500   67.221000  -71.904500  -27.141000  -96.175000  138.811250  -41.598750   81.351500  370.420750  -50.417750   -1.982500  251.930500 -351.638750 -235.018500  -64.941750 -200.004000  326.978750  154.167750   -5.000500   77.635000 -112.103250  113.591750  -95.428750   28.901750  260.139750   36.008750  -42.071750  -20.563250   -9.123750  -50.815000  -48.272750  -19.910500 -106.652750   -4.102250   -4.052000  -15.306000  525.996250  -17.934500   -6.443000   49.339250 -222.262000 -144.715250 -249.909250  -19.283000 -110.088500  124.851000  -10.972750  103.668750 -157.386750  168.116250   -3.260250  119.383750  239.096000  121.019250  -84.794000  -11.877750   56.305000   19.876250 -107.127500   20.913750    5.718250   19.056000    7.955750   56.452000  317.332250  -83.317250  -32.745000   23.133000  -63.752500 -394.124500 -263.300000   -3.493000 
 168.681975  881.425700   91.751650   24.043675  271.462025 1021.734300  161.011100   31.302225 -116.548250 1032.129975  217.279400   18.290725 -190.908925  743.950500  204.976300  -17.820625  220.705475  404.739750   62.870250    0.152025 -149.049625   -3.116350  -15.448875 -154.029450 -440.931625 -349.294075  -18.718850 -420.317150   95.874200  401.655750   47.939375    2.767375  109.699900   -9.956650   -2.013025   11.211825  175.054750 -225.358200 -105.914050   -4.909500   85.695350 -386.691975 -154.315025  -58.135000  105.490900 -410.434500 -139.371925  -11.340525   38.494400  -74.689775  -32.494125   -1.292850  -46.506800   18.268600   -5.493925   -8.099425  -97.519425 -913.558500 -137.204675  -37.519800  129.239350 -854.135625 -139.753200  -11.212525  235.168475 -454.547325  -79.742925  -42.104975  -37.359425  -77.789400  -71.604075   -2.192900  140.891000   22.779425  -18.076450   38.931775   35.074400  161.511150    6.911850   45.390400   -1.193850  266.510350   -0.659725   92.417025   -6.516325 -191.206675   -6.771625   -7.918975   95.967975  -43.073775   46.938500   -0.841350  -23.663000   45.048200   49.128650   -5.776200 -171.441825   43.789575   58.448900  -17.196450  113.936350  -65.198525   25.985225   30.188700   90.123300   74.434650   15.646600   46.258900  124.438525   74.216700   11.198000   37.156425  111.904275   17.252400  -36.154450    1.260225   96.848575 -116.896400  -79.027500    3.029675   29.477750 -154.502375  -52.185875  -22.260050  -46.181550 -193.237800  -37.448150  -14.993200  186.720500 -265.291375    7.829625  -38.753450   28.648275 -111.556675   11.988750  -75.900650  181.266125   -4.950950   82.240525  -11.841800    6.195375  -47.539325  -71.750350    5.317000  163.189475  -69.296025  -64.179875   -6.602025  -22.331925  -46.665125  -38.118975    1.768975 -194.615875  -13.092500   11.936325    3.652650  133.489325    0.520175   13.655100    2.398300 -108.640375    2.584350   25.808400  -24.630775    7.188100   13.623075   41.964775   -2.113100   20.270050   49.428200   34.053825  -81.020625  166.044025 -106.873875    0.368575  -45.790625   28.270700 -122.667275  -58.233800  -12.809675 -131.564500   24.313625  -14.056250   -9.753125   96.263525  -29.087800   -2.183725   -3.107600 -126.640675 -100.920325  -57.706000    3.492100   42.483250   55.532350   16.039000    1.702400 
  38.622400  241.711800   25.124600    9.783200   -2.351400  279.633200   85.586400   -2.566600  -97.518000  217.279400  206.205600  -19.602600    5.350800  202.137000  151.791200  -10.525000   71.821400   44.094000   39.696000   -2.871400  -33.876000  -20.452400   10.077000  -54.031800 -134.344000  -94.507800   -3.797400 -114.841600   20.620800   70.583000   18.400000    1.607000   60.277600  -21.219600   18.642400    0.238800  121.394000 -118.661800   -4.482200  -18.178000    8.203400 -207.382400  -49.755600  -34.775000   13.266600 -178.553000  -45.816200   -9.442600   23.910600  -29.624600   -4.929000   -0.653400  -14.913200   25.756400    0.135800   25.833800  -38.621200 -387.974000  -52.902200  -13.990200  115.674400 -331.210000  -47.861800   -6.380600  165.653400 -190.400800  -24.395200  -30.289400  -69.506200  -38.925600  -21.907800  -11.869600   39.459000   23.041200    7.250200   12.317600   37.420600   81.002600   11.194400   18.859600  -28.662400  149.003400    1.911600   22.408600   -9.126800  -95.060200   -5.094000   -4.285400  102.376400  -39.335600   14.964000   -0.152400   42.093000    0.321800   20.892600   -7.373800 -112.253800   50.319800   37.328600  -15.619800   53.342400  -30.054600   17.720400    4.763800   72.949200  -40.873400   10.843400    3.473600   62.554600    7.955800   18.642000  -21.880800    3.677600   23.477600   29.703200   -2.289600   49.750800  -39.463600   -7.960000    5.027200   54.236000  -68.977000  -11.361000   -4.061200 -103.932200  -50.532200   -9.445600  -13.416800   77.632000 -114.748000    5.971000   -4.017800  104.003600  -96.930200    9.175000  -46.155600   38.197000  -79.452800   70.497600  -74.638200   43.189000   -3.743800   39.251600   -2.632000   57.347400  -20.794600    4.093000   -7.758600   39.333800  -48.018000   -4.580400   -1.274600 -186.271000   -7.430000   -1.683200    3.618600   61.323800    7.254200   17.567400    7.434200   43.041000   19.004400   20.346600   -1.843600 -109.000600  -13.281200   16.474600  -21.734400   43.756200  134.471800   23.911800   -0.555000   62.616600   -2.018000   31.285800  -48.150000   11.576800 -172.709600  -26.266200  -30.332200 -146.778000  -71.448000  -43.200000   -1.590000   66.294600   20.747800   16.465600    1.647600    1.218800  -54.627800  -23.429000    2.580400  -89.872000  -88.303600  -66.134000   -0.122400 
  -0.407275  -16.855300   -3.122850    1.658425  122.571275   38.855300   -2.116900   41.230475  171.569250   18.290725  -19.602600  178.968975  -92.376175  -54.794500  -11.652700   66.603125  -41.348775  -64.667750  -18.392250   -8.678725  -77.060875  -51.050850  -16.297625  -26.425950  -74.422875  -75.986825   -7.493350  -68.117650   19.908200   75.678250   -4.956875   -1.723875   -3.207100   23.792850   -7.232275    7.077075   18.297250  -27.357200   -0.802550   26.745500  -18.410150   -0.752725    4.560725   19.805000   -6.586100  -38.639500   -9.054175    2.405225    9.832400   -0.661525   -8.025375    5.672650   41.692200   27.475600   -4.946175    6.773325    8.878325   46.846500   -9.054425   -0.030800  -17.141150   53.973125   -2.242200    3.008225   22.514225   16.787425   -7.655175    9.289275   -8.686675  -13.192400   -3.956825    4.464100  -14.284000   -4.943325   -3.817950    2.568525   18.177400    6.241650   -3.633650   14.618400   64.501650   51.244850    0.567025   59.596275   -1.466575   -7.366425    2.292125    2.105275   -9.696275   16.309475    1.233500    0.754150   12.882000   -6.387800  -11.290850   -3.895200   -1.337075   -5.662675   -9.608100   -1.377950  -15.079150   -1.837775   -8.791525    7.517700    5.279300   -6.979850   -2.396400    8.086900   18.447775   -7.164300    1.423000   18.693675   14.971025   21.365400    4.224050    0.928475  -10.378675    5.535600  -18.347500   -0.275575   -1.754750  -19.691125  -13.439625   -3.088550  -30.865050   -4.593800    1.981350   -4.372200  -27.754500   31.029875    5.915875   -0.614950   23.775025   39.448575    9.791250    7.023850  -13.727625   -3.137450   11.634775  -26.432800   46.699125   22.515425   -2.304850   -9.698000  -12.174775   22.324725    6.096375  -10.581275   -4.109175   -2.446375    5.445275    2.544725  -20.754625   -6.337500    0.951575   -2.776850  -32.040425    5.384925    7.932100   -4.420700   27.360875   10.593850   35.356400   -5.957525  -27.294900   -6.784175   -4.463475  -14.220100   67.788550   54.972200    9.224075    9.773125   17.618275   66.352375    9.291325    5.483125   22.124700    6.345975    6.625200   -0.804425    5.070500  -28.100125    6.436250   -8.019375   28.622775    8.381200   11.538025   10.530400   16.779575   32.629425   12.714000    6.409100  -38.679250  -43.348150  -32.191000   -1.494600 
 -40.524925 -110.165100  -22.440950  -10.808025 -756.457075 -282.674900  -71.852300  -98.290675  864.854750 -190.908925    5.350800  -92.376175 2286.193775   -7.151500    3.239100  168.886875  -13.775425   84.280750    3.019250  -41.687075 -370.501125  -52.401950   21.936625 -297.388650 -633.995125 -412.874775    2.020550 -395.387550  -46.680600   66.442750  -27.358125  -10.132125 -358.650700  330.155950   -3.754925 -104.128475 -133.879250  430.882600   78.379150 -128.711500  575.474950 -105.620075   62.111075   73.710000   34.731300  362.073500   81.872775   -5.817425   17.750800   25.840325   28.922375  -40.202450  -94.897600  -68.194800   -7.876225   46.325275    0.620275  204.560500  -30.383975   12.716400 -370.507050  322.106875   20.047600  -69.981425 -397.519425  212.174975   15.845775 -136.871075  713.065275  -86.450800   33.470225  -12.075300   23.117000  -41.930275  -27.497650    5.783675   22.195800 -156.369450  -23.914550   -1.357200  192.175550  155.659950   -4.701825  242.972925  -23.198025 -193.277975  -18.450125   -9.139075 -340.527925   50.187325   62.589500  -12.696950 -298.901000   99.207400  104.913050  -99.978400  370.813475 -114.126725  -32.037700  -14.777650   36.571950  131.971575  -73.134675   -1.424100   87.968100  -54.934950  -30.113800   77.642300  -28.751575   31.641900    2.866000   34.348725   64.421175  -35.253200  124.871350  -24.434675  -82.208725  144.525200  197.412500  -24.326025   -2.768250  170.172125   48.642625  -25.552850  330.691650 -116.544600  -40.494550  -31.912400   24.818500  -19.920875  -11.188875  -17.606650  181.274175  -24.672975  -26.251250   12.942950  -47.503375   -9.184150  -96.522575   25.352400  258.883875  -87.289025   10.500050   22.739000  -62.192425 -102.135925  -33.160375  -27.377925   26.392775   16.530375   42.790925  -40.280925  268.822625  -11.962500    7.463025  -26.298950   14.849025  -29.092525  -11.534300  -16.936900  104.551125  -57.307050  -42.156200  -11.796675  113.961700  -69.142225 -128.400325  -30.421700 -251.492150 -338.067600  -58.704475  107.931875 -140.403075   57.441625  -16.673725   97.616875  -29.045100  300.932825  -18.871600   15.466025  121.198500  131.414125  -12.146250   10.804375 -109.356575 -139.474600   -6.649825  -40.278200  115.099025 -216.761025   -0.942000  -16.545300   82.690250 -127.516050   60.758000   -2.823200 
 111.330500  649.461000   85.552000   17.246500   96.109500  706.224000  152.768000   -5.414500 -139.840000  743.950500  202.137000  -54.794500   -7.151500 1089.440000  279.304000   -2.087500  329.175500  761.860000  199.015000    7.799500  -59.137500   50.917000   52.017500 -145.831000 -329.527500 -260.923500    2.477000 -297.082000   80.536000  385.810000   76.017500    7.372500   10.197000  149.978000   63.070500   -2.616500   -7.405000  -67.671000  -44.079000  -15.965000   92.178000 -323.125500  -74.099500  -61.750000   76.422000 -255.050000  -81.641500  -12.649500   19.832000  -56.214500  -13.127500   -7.243000   16.876000   81.598000   25.188500   29.518500  -99.676500 -1016.595000 -114.881500  -37.309000   55.658000 -844.052500 -114.386000  -27.769500  179.885500 -447.588500  -79.526500  -59.635500  107.438500 -137.342000  -78.418500   16.358000  113.185000   64.731500  -18.956000   40.674500   -3.343000  195.352000    6.118000   44.617000  -21.828000  249.398000   20.269500   -0.695500  -10.633500 -279.906500   13.287500   -9.105500   41.185500  -41.474500   94.845000   -7.513000  -99.690000   92.691000   64.822000  -30.726000  -77.563500   -7.066500   62.822000  -20.716000   91.798000  -37.964500   33.705500   -1.814000   32.774000  169.127000    7.558000   93.662000  123.169500   72.651000   20.090000   47.646500  113.324500   -2.203000   57.624000   -3.534500   69.958500 -138.902000    3.630000    0.226500   21.255000 -144.767500  -53.827500  -24.329000   71.711000 -247.869000  -62.277000  -19.611000  142.390000 -317.967500   -9.532500  -66.766000 -106.510500 -160.971500    7.125000  -83.097000  331.117500   -8.101000   68.579500   42.616000   65.712500  -93.468500  -11.098000   38.460000  140.695500 -156.004500  -57.037500  -12.564500  -52.841500  -83.717500  -26.245500  -12.064500  -75.692500   -9.435000   30.408500    6.847000  101.288500    2.856500    8.423000    2.234000 -225.642500  -35.777000   34.727000  -38.089500  150.908000   -6.886500  100.959500    9.382000  -70.496000  -16.849000   20.658500   11.807500   91.514500  -36.692500    1.143500  -51.047500 -102.144000  -34.479500    3.996000  -23.391500  -89.260000   98.182500   30.355000   20.787500   -8.205500  105.546000  -26.660500   12.172000 -167.231500  -35.998500   13.940000   -3.352000  129.490000   57.023000  105.825000    0.782000 
  18.367300  134.413600   21.009200    1.723900   33.419700  201.651400   59.992800   -2.435700  -60.261000  204.976300  151.791200  -11.652700    3.239100  279.304000  274.672400   -2.712500  141.260300  140.178000  156.502000   -6.650300  -31.774500    8.920200   36.796500  -47.998600 -101.970500    3.921900    2.415200  -82.788200    6.341600   41.001000   47.352500   -5.943500   47.130200    0.765800   52.577300    0.830100   97.268000  -92.353600   37.135600  -21.316000   -3.283200 -237.062300   39.956300  -45.795000   -5.156800 -227.471000   -7.214900  -14.082700    0.191200  -31.396700   -1.760500    2.568200   -6.416400   69.232800    0.439100   43.835100  -41.589900 -332.858000   -8.776900  -14.410400   94.593800 -305.382500  -11.733600   -5.933700  199.989300 -196.994100   -5.202900  -31.761300  -53.064900  -62.861200  -14.413100  -21.719200    7.098000   66.494900   13.585400   12.282700    6.566200  129.085200    7.458800   36.324200  -72.954800  122.676800    5.865700    2.054700   -6.016100 -102.292900   -2.355500   -2.438300   90.455300  -65.863700   13.153000    0.105200   84.201000  -29.866400   20.135200   -9.897600 -101.605100   28.587100   75.447200  -28.599600   13.349800  -32.266700   52.158300  -27.922400   67.053400   27.528200    8.591800   25.787200   72.076700   14.341600   14.029000   14.560900  -12.027300   -4.949800   26.306400   -7.736700   46.799100  -62.667200   -2.875000    3.646900  109.272000  -96.571500   -8.354500   -7.837400 -137.504400  -83.559400    5.158800  -21.258600   16.734000 -160.153500    7.424500  -35.610600   58.259700 -129.877900   12.390000  -89.296200  165.446500  -87.650600   59.812700  -66.411400    1.430500   14.919900   80.673200   -8.704000   47.482300  -27.411700   22.973500  -23.304700   84.395100  -41.943500    9.696700   -8.621700 -231.364500   -5.740000   -6.323900   -1.782800   11.835100    3.930900   15.359800    2.223400  -11.220500  -14.866200   60.223200  -19.399700  -63.836200  -40.014900   58.486700  -34.783800   80.362400  235.248600   49.381100   20.462500   62.690700   46.251500   74.594100  -94.337500    3.533600 -236.576700    4.707600  -53.771900 -187.131000  -81.188500  -64.110000    5.902500    2.241700   73.440600   29.993700   10.905200  -12.249900  -43.663100   45.877000   -6.089200  -68.654000  -87.342200  -25.688000   -4.169800 
  -9.305625  -21.032500   -3.108750   -1.148125  -95.429375  -22.867500  -10.047500   -7.694375   64.398750  -17.820625  -10.525000   66.603125  168.886875   -2.087500   -2.712500  102.994375  -13.878125   26.523750   -2.918750    9.560625  -51.215625  -11.923750   -6.826875  -21.821250  -85.915625  -73.621875   -2.896250  -61.098750    0.445000   17.158750   -3.640625    4.854375  -63.577500   68.408750   -1.695625  -10.284375  -78.261250   51.260000    4.008750   -5.862500   68.638750  -54.139375    6.629375   28.685000    4.242500   23.182500    5.341875    6.931875   -2.170000    2.355625   -0.878125  -11.246250    4.510000   14.440000   -2.173125  -13.435625   -4.590625   -8.732500  -11.741875    7.705000  -69.496250   30.459375   -1.740000   -8.803125  -94.203125   21.091875   -3.338125  -20.349375  119.334375  -22.380000    2.333125    4.687500   10.890000   19.880625   -4.121250    4.534375    3.405000   -0.731250   -4.508750    7.180000   24.273750   22.453750   -3.163125   23.580625   -5.008125  -47.246875    1.059375    0.005625  -57.545625   16.835625   14.787500   -2.293750  -79.500000   11.390000    4.611250  -19.930000   50.264375  -68.120625  -17.442500   -3.236250   -2.941250   12.051875  -11.934375  -20.032500   -3.942500   39.611250   -5.630000   11.937500    1.163125   18.822500    0.425000   41.340625   14.231875   -3.810000   23.728750   -4.149375   -4.155625    0.380000   15.647500   -3.233125  -29.166250    2.155625   -7.966875   -4.216250   41.471250  -25.545000   -9.263750   -6.090000  -25.837500   27.270625   -0.444375  -20.046250  -18.273125   36.078125    2.508750  -16.561250   43.903125   11.421250   -1.451875   20.685000   43.864375  -16.998125   -9.813750   -0.155000    6.566875  -39.150625   -7.611875  -13.655625  -23.948125  -11.743125    8.870625   -6.465625   56.258125   -2.847500    8.598125   -4.063750  -20.076875    5.884375    3.512500   -3.917500  -35.389375    1.328750   23.470000   -8.379375   37.657500  -16.768125   14.239375   -6.707500  -44.458750  -63.980000  -15.244375   17.699375  -21.619375    7.653125  -11.690625   18.389375  -35.117500   68.643125    4.990000   10.563125   53.147500   49.100625   17.533750    1.441875   -3.521875   14.310000   -1.833125    2.975000  -25.011875    2.736875    6.695000    4.977500    7.641250   -0.396250   36.425000    0.405000 
