 156.861100  405.011750   21.980300   31.082650   24.813200  492.865400   27.305850   46.179450  -97.821100  274.137700   16.645450  -70.850250  -50.266900  112.340450   11.448250 -123.982500   53.378350   54.106650    9.650100  -17.983300   32.102100    5.157100    3.536050    1.731050    4.582150   -0.761700   -0.490350   -0.093400   15.320200   60.958500    8.467950   -0.538650   -1.481800   30.543650   18.097900    1.916450   11.479200   17.056150   17.776250   -1.693700   54.184700  -46.660050   10.048400  -13.835050   30.179450  -77.503600   -7.046800   -1.884950  -11.159000  -39.080650  -18.346100   -2.117250   -2.836700   -6.135050   -3.519750   -1.301100    1.197550   57.030050   23.280650   -1.605650   -2.476550  -92.953900   34.662900   -5.423150   50.211050 -129.757350   27.913900   -0.231500   59.920500 -101.583050  -20.433250   -5.633800    7.659000  -57.271500  -78.359850   -0.148650   -4.116850  -20.413450  -31.787150    2.026050   -2.539450   -3.235700   -3.483000   -0.810750    7.921550   99.071000   20.835050    6.509100   22.423650   -5.292550   20.301000   -0.809800   62.510200   -5.967850  -17.805500    4.918050   23.562500   21.328250  -74.137600   11.291250    6.870600    2.774400  -30.951300    7.376600    4.347000   -1.423250   -5.768100    0.802950   19.077400   11.833100   14.047400   -0.353700    9.262000   -3.300500   -4.517000    0.379700   33.613300    2.638650  -14.930350   -0.886500   22.533850   -3.448350  -42.636300    1.622300   35.207600   11.399450  -19.683300   15.820650   45.721500    8.828450    4.275200   23.642250    7.405350    9.893250    7.465300    7.472500   64.224050   47.351500   59.494300    3.561050   30.428950  -38.549100  -40.783250   -0.513700   46.579800  -28.513400  -26.294450   -2.392150   14.640050  -66.300650  -12.550200  -14.166500    6.734800  -58.924250    8.565250   -5.843100   37.829250  -12.029900    5.146900   17.549950   40.493300    6.452350   21.242650    5.814900   51.637150  -26.723200   40.891250    1.169400    4.349800  -95.543150  -80.609800   -2.529750   72.944550   27.249600  -15.427750   -0.514200   14.529800  -12.981050    7.200400   -8.562550  -34.712550  -43.475100    4.695000  -29.604750   31.559650  -84.870900    0.025900   -5.273650   52.164600 -113.387200   10.619150   29.840650  -39.990300 -167.602700    6.660900   -1.663700 
 405.011750 1973.789375   90.827750   78.527625  -71.354000 1769.962000  150.481125   13.326625 -260.351750  879.089750   99.639125 -390.760625   14.651750  331.386625   93.750625 -387.378750  258.852375  100.930125   44.974250  -49.765250   50.174250  -22.088250   -0.917875   -0.770375    0.976375   -5.792250   -1.414875   -0.269500   66.358500  285.256250   47.712875   -5.492625    0.693500  103.785125  123.330750   -5.765875  126.388500  -57.306125  115.155625  -24.872250  284.469750 -321.234625   86.962000  -68.132125   91.196625 -366.553000  -46.581500  -28.232875  -62.712500 -151.097625  -71.089250  -19.833125  -12.889750  -20.054625  -12.464375   -4.446750   -1.396625  -19.272875   70.530125  -19.795125   32.651625 -488.475750  133.538250  -14.478875  361.877125 -635.244875  153.045750    2.601250  201.233750 -529.049625  -84.435625  -32.391500  -84.250000 -291.048750 -316.816125  -28.787625  -74.431125  -89.671625 -129.378875   -5.937875   -4.611625   -9.567250  -12.127500   -3.031875    9.413375  153.647500   62.007125    4.916750  180.895125 -102.925875  114.707500    2.111000  345.861000   -1.301125   28.028750   25.274625   36.783750  141.523125 -331.803000   49.983125   -8.752000    2.292000 -202.975250   43.988000    4.522500   -7.683125  -34.459250    5.530375  133.794500   51.431750  106.499500   -0.922250   85.055000  -19.713750   22.645000   -1.212750  199.525250   -5.967375   33.227625   -1.288750   58.423625  -11.467375 -151.997750   -5.744750  135.588000   83.156625 -100.020250   33.287625  276.568750   56.174125   -4.786500  113.418125   61.862375   34.098125   42.967750   43.598750  413.419625  148.808750  365.725250   19.669625  216.417875 -111.654250  -90.168125   -1.482250  199.601500 -164.877000 -145.406625   -8.216375   10.514625 -275.062625 -112.796000  -56.996250   71.869000 -251.433125   23.185625 -117.926750  232.370625  -16.105750   25.128250    3.370375  213.390250   82.872375  117.207625   40.975750  279.763875 -103.648500  153.235625   10.809500  140.469000 -373.441375 -273.901500   -5.154375  197.333375   50.260500 -119.571875   -3.203500   73.106500  -40.269625    2.427000  -26.043375  -96.850875 -154.666750   16.997500 -129.634375   61.292625 -304.953250   13.960750 -132.637625  211.323000 -458.356000   -4.348625   33.787625 -170.322750 -648.347250 -198.029250    8.197750 
  21.980300   90.827750   17.261900    1.323450   -1.986400  108.149200   17.132050   -2.040150   -9.230300   45.957100    9.722850  -28.668250   -1.798700   16.152850    8.697250  -27.982500   31.684550   14.435450    6.177300    0.254100   11.118300   -0.626700    1.521650    1.836650   -0.323050   -0.464100   -0.095550   -0.018200    6.929600   24.470500    4.635350    0.018550    0.513600   -1.978550    4.556700    0.150850    0.641600  -19.041050    2.966250   -2.800100   20.148100  -38.198650    7.693200   -5.368650   16.594850  -34.197800    6.623600   -4.051350   -2.242000  -10.067450   -3.810300   -1.979250   -0.919100   -1.378650   -0.841750   -0.300300    0.001150   -3.766350    8.387450   -1.552450    3.581850  -39.499700    5.611700   -0.234950   19.521650  -51.386550    1.274700    0.905500   19.426500  -44.607650   -1.332250   -2.567400   -6.068000  -23.334500  -22.604050   -2.746450   -6.635050   -6.356850   -9.281950   -1.078350   -0.759850   -0.646100   -0.819000   -0.204750    4.013150   19.333000    8.848650   -1.135700   17.146450   -5.241150    3.028000    0.084600   32.234600   -3.418050   -4.371500    1.912650    6.327500   -2.302750  -27.024800    3.031250   -3.416200    1.871200  -16.029900    2.696800    1.081000   -0.247250   -2.681300    0.815350    6.120200    5.566300    1.130200   -0.100100    4.221000   -0.101500    0.209000   -0.081900   19.305900    2.916450   -7.535550   -0.314500   18.941050   -4.624550  -21.184900    0.687900    9.024800    0.634850   -4.080900    1.872450   16.009500    9.881850    2.759600    8.269250    9.225550    2.517250    1.661900    6.542500   27.610650   13.879500   12.698900    2.616650   10.113350  -10.474300  -12.527250   -0.100100   20.040400  -11.133200  -20.794850   -0.586950    7.863650  -22.882450   -9.544600   -4.059500    9.010400  -17.905250    8.468250  -11.366300   14.825250   -0.562700    1.623700   -2.703650   25.150900    2.266550    4.313450    7.352700   31.886950    0.251400    7.836250    4.301200  -11.269600  -38.009950  -24.780400   -2.221750   31.232150   15.875800  -10.400750   -0.236600   16.225400    5.778350    5.014200   -2.236150   -6.286150   -9.162300    2.965000   -9.936750    2.424450  -25.925700   -1.954300  -12.851450   23.310800  -30.370600   -2.197050   -2.057550    4.543100  -53.102100   -3.209300   -1.585100 
  31.082650   78.527625    1.323450   18.232975   -4.593200  132.004600    5.707275   33.931175  -35.512650   80.886050    0.197675  -11.880375  -26.704350   19.385175   -1.022625  -29.531250   -9.163975   -1.903525   -0.923850   -8.142950   -3.060850   -3.478350   -0.937925   -0.745425   -0.427775   -0.614550   -0.126525   -0.024100   -1.062700    4.177750    0.693925   -0.121975   -1.775700    9.764475    3.050850    1.321675   -3.171700   19.850725    6.019375    0.827450   -6.555950    7.339425   -2.498400   -1.858075   -3.113825  -11.976400   -8.715700    1.383075   -3.328500  -10.004975   -4.550150   -0.755875   -1.217050   -1.825575   -1.114625   -0.397650    3.396825   68.083075   10.272475   -0.467475   -4.317825   17.115150   13.023350   -0.538725   -0.097925    1.195475    6.139850    0.847750    6.108250  -12.167575   -7.162375    0.386300    7.161000  -13.322250  -14.848275    0.708025   -0.621275   -5.947175   -7.469725    0.512075   -1.006175   -0.855550   -1.084500   -0.271125    2.172825   42.056500    5.843075    1.129650   -1.860525    3.340675    3.381500   -0.110200    3.719800   -5.505275    0.279250    0.112575    4.611250   -6.775125   -6.157400    0.021875    1.194400   -3.004400   -4.634950   -0.096600    0.145500   -0.669875   -1.723150    0.041425    5.575100    1.170650    0.070100    0.267450   -0.012000   -0.293250   -1.583000   -0.108450    1.092950    1.616975   -2.639025   -0.177250    4.441775    2.178975   -7.852450    1.823950   -2.197600   -2.833825   -3.402950    3.689975   -3.972750   -2.465325   -0.462700    1.995875   -0.535975    1.704875    0.768450    0.091250   16.381575   10.907250   12.706950    0.554575    3.787925    0.967850   -4.524875   -0.132550    2.792700   -1.361600   -4.801175   -0.412225    1.315575    0.985025   -1.834800   -0.574750   -7.989800   -3.048875    0.350375   12.884350  -10.893625   -3.483850   -0.440650    9.939425    0.062950   -0.407975    6.862975   -0.421150   -3.000275  -15.139300   26.364375   -0.636900  -16.934800  -19.681225  -18.762700    4.435375    8.614825    1.702900   -1.094125   -0.013300    0.542700   -4.239575   -0.240400   -1.436825   -9.879325   -9.493650    0.252500   -1.424625   -3.554025  -22.690350    0.227850   17.418025   -2.069600  -34.687800   14.340225   16.629975  -23.433450  -51.128550   13.107850    3.052450 
  24.813200  -71.354000   -1.986400   -4.593200  333.868400  171.039800    1.750200  122.658400  131.931800  230.632400  -10.919600  181.107000 -249.812800 -145.244600  -37.201000 -158.130000  -82.424800  -91.900200  -24.313800  -66.239600    0.015200    6.375200   -2.362400   -2.172400    1.420800   -1.150400   -0.799200   -0.180800    0.722400   31.372000    4.885400    0.046200    1.403400   -9.441200   -6.045200    4.747400   -1.044600   35.888800  -18.455000   36.015600  -14.393600   32.294400  -44.784200   20.179400   -1.636600  -27.203200  -52.121600  -11.969400    6.292000  -18.672800  -22.348200    2.583000   -1.560400  -15.825600   -6.232000   -3.063200   25.455600  332.640600   34.477800   -6.672800  -34.353600   63.088200   17.384800  -16.707800  -25.757400  -27.883200  -11.033200   -1.843000   26.226000   15.413400  -54.664000    3.609400   32.768000    6.222000  -48.563200    2.301200   27.167800  -15.151400  -12.440800    1.277600   -1.518400   -9.058400   -7.736000   -1.264000   32.843600  247.302000   28.410600   -1.115800  -25.116200   80.664400   -1.048000   -4.862600   -6.087600   14.015800  -55.771000   -0.598400   80.200000   -9.931000  -37.586200    1.070000   35.872200    2.177800   18.629400   -3.755800    2.584000    0.021000    0.347800   -1.329600   -9.036200   -1.292800   -4.966200    0.225600   -8.521000   18.499000  -15.604000    1.446400  -25.145400    5.068800  -62.814200   -2.788000   39.186200  -50.760200  -64.560600   -5.697400   61.386200  -68.386600   -2.399600   -3.757200    3.343000   -0.453600    9.037400    2.972000   -9.445800    8.589000    1.088600   -0.855000    9.538600   41.038000   15.436600   -0.662400  -14.452600    1.990800  -81.789000    0.885600   10.367600   13.039200  -32.288400   -3.600800   29.270600  -36.807800   12.142600  -15.193000   12.357600  -22.761000    5.568000    2.687800    0.136000    7.311200    0.642800   -1.205600   -9.020400   23.883200   15.821800   -1.956200   46.600800   25.826600   66.600000   -1.482200  -31.827400  -41.867800 -109.597600   -9.582000   57.779600   78.515200    9.122000   -0.330400   22.632600   11.452400   19.539800   -6.375600   -4.310600  -20.861200    0.690000   -1.657000   13.090800   12.844200   -9.459200  -26.983800    6.555200  -10.851400   -1.985200  -43.892200   -8.443600 -162.532400   52.760800  -21.234400 
 492.865400 1769.962000  108.149200  132.004600  171.039800 3198.435600  190.989400  363.684800 -663.645400 2491.247800  110.868800 -354.856000 -491.131600  759.873800   85.898000 -768.345000  174.559400  187.625600   65.531400 -129.731200  147.504400   36.064400   20.677200   10.397200   22.962600   -2.548800   -0.587400   -0.777600   51.902800  316.439000   61.473800  -10.363600  -19.710200  129.483600  134.135600   -5.962200   29.618800   32.698600  168.085000  -30.916800  234.945800 -266.418200  104.187600  -69.083200  203.854800 -507.395400  -42.715200  -31.251800  -52.486000 -278.071600 -110.375400  -32.129000  -27.423800  -53.513200  -30.054000  -12.495400   40.373200  949.908200  212.406600   -6.411600  -46.169200 -328.639600  251.380600  -42.746600  282.372200 -782.565400  170.964600   -3.391000  356.817000 -702.340200  -29.363000  -35.408200   51.846000 -423.931000 -449.595400  -32.733600  -69.543400 -163.880800 -243.087600  -10.037800  -24.304800  -28.519800  -31.127000   -8.168000   53.119200  635.954000  129.408200   22.077400  157.643600  -19.478200  121.864000   -2.892200  378.192800  -47.457400    5.523000   25.505200  152.045000   30.888000 -396.891400   56.550000   37.153400    0.461600 -290.823200   50.407400   21.553000  -13.498000  -65.193400   10.978800  144.603600   71.998400   59.393600    5.623200   80.858000   11.023000   -0.223000    1.300800  256.306200   14.328600  -48.507400   -7.591000  175.361400 -116.889400 -281.833200   17.937200  133.811400 -107.955200 -130.856200   60.341600  259.911000   43.235800    7.472800  124.414000   92.577400   45.468000   40.154200   66.360000  541.514200  271.656000  410.185200   37.762200  250.567800  -89.157400 -248.678000    0.653200  312.372200 -216.372600 -306.004800  -14.557600  112.903200 -356.466600 -158.037800  -63.216000  -83.987800 -234.862000   66.941000  -25.878400   33.692000   16.711400   30.331600  132.971800  232.681200  116.525400  151.874600  111.023600  425.232600 -162.559800  443.070000   12.621600   24.867200 -495.831600 -550.862200   26.961000  462.036200  108.074400 -145.506000    3.086200  145.437200  -45.317200   59.800600  -46.258200 -307.953200 -212.631400   31.470000 -197.219000  -75.477400 -594.917600  -20.532400  -61.238600  211.019400 -702.745800  -26.049400  104.196600 -173.894200 -1087.067800 -145.327400   -7.831800 
  27.305850  150.481125   17.132050    5.707275    1.750200  190.989400   44.439975    7.812075  -25.855850  116.033450   36.410575  -51.615875    3.407850   32.813075   22.818875  -70.366250   58.833725   12.028775   13.467350   -8.482550   13.219350    0.011850    1.262175    0.334675   -0.974475   -0.999950   -0.288225   -0.054900   11.169700   46.439750    8.681825   -0.808275    0.032700    9.350775   14.945650    0.116575    7.183700  -14.627975   18.451875   -4.641950   44.705450  -48.268675   22.032400  -11.286175   36.272075  -52.424600    7.267700   -9.833825   -2.481500  -14.280275   -6.243350   -5.250375   -2.092450   -3.198675   -1.959125   -0.905850   -1.240075    6.666175   16.577775   -5.737775    2.211075  -65.836650   14.203150   -2.439025   37.317175  -91.350225   12.316650   -0.050250   37.114250  -72.591675   -5.883875   -5.149300   -8.341000  -39.085250  -41.643975   -6.343275  -10.175975  -11.481075  -17.548025   -2.957825   -1.592075   -1.708950   -2.050500   -0.617625    3.623925   23.238500   11.981175   -3.386150   28.120775  -16.202425   10.693500   -0.207800   45.572200   -0.691975   -1.181750    3.881675    9.671250   22.271375  -47.858600   10.509375    4.421600   12.523400  -31.445550   11.787600    4.234500   -0.861375   -5.350350    2.124325   10.513900    5.612850    2.038900   -0.301950   12.512000    4.505750    6.883000   -0.247050   30.002550    6.903275   -0.925725   -0.810250   11.515475   -2.758725  -30.378050   -0.403450   17.068600   -0.497925  -14.837550    2.455275   53.735250    8.098575   -1.455300   19.115375   16.485725    6.111375    2.437050   11.341250   57.377675   26.920250   31.563550    4.594675   36.897825    2.993650  -13.371375   -0.301950   28.995300  -14.467400  -30.677075   -1.465525    7.853675  -45.810275  -25.422200   -8.452750    8.432800  -43.502375   -2.614125  -22.132850   19.384875   -1.462650   -0.927850   -3.698675   24.787550   27.292725    7.117275   14.497650   43.258025   22.517300   39.406875    3.330900   16.357800  -59.081525  -40.435300   -5.654125   43.891925    2.913100  -29.604625   -0.713700   14.710300   -8.599675   -3.900600   -3.064925  -19.107425  -22.014850    0.182500  -16.144125  -19.910725  -41.206150   -3.976350  -29.093275   11.345600  -58.099200   -7.117475  -14.019725  -19.192050 -116.115950  -25.621350   -6.571950 
  46.179450   13.326625   -2.040150   33.931175  122.658400  363.684800    7.812075  289.237775 -114.494450  298.678650  -17.507725  237.872625 -228.191550 -171.845225  -34.201625 -133.856250 -127.604175 -144.203325  -24.120050  -65.508350  -26.766050  -13.693550   -7.180525   -3.638025   -3.613575   -2.424150   -1.362325   -0.163300  -10.455100    4.125750   -0.701475   -1.748175   -8.814100   25.375675    5.601050    6.564275   -8.142100   93.206925   16.614375   26.471850  -34.277350   67.635025  -18.094200   16.307525  -32.467225  -30.393200  -47.869100   -2.682525   -0.055500  -36.717175   -9.311950   -3.108875   -3.661650  -13.319975   -5.732625   -3.079450   18.696225  434.937475   43.464675   -1.824675  -33.989225  164.196950   50.243550  -14.450925  -23.965525   52.393675   23.943050   -5.249250    6.822250    7.089025   -1.003375    3.351900   30.093000  -16.009250  -19.435075    4.721825    9.095925  -24.255775  -25.893925   -1.175525   -5.627775   -8.072150   -6.093500   -1.977125   18.514225  265.904500   26.002475    0.530450  -26.199325   65.306275    8.039500   -3.252600  -13.082600  -13.156075   -2.414750   -1.719025   30.011250  -44.349125   26.283800   -3.868125   -1.472800  -17.987200    3.035650   -4.790800   -0.738500   -2.240875   -9.360950   -0.738975   13.481300    1.393450   -2.693700    2.601850   -7.421000    2.702750  -10.844000   -0.334850  -22.821650   -4.176825  -13.214825   -2.204250   17.735575  -20.545825   -5.336850   11.561350   21.196200  -52.997225    3.081650   25.992175  -37.615750  -22.536725   -2.605100   -6.646125   -9.765175    1.590875    1.334850   -6.328750   41.082975   50.869250   27.710350    2.306975    1.120525    3.312050  -29.060875   -0.548150    5.285100   -2.790800    4.497225   -3.461425   -0.760025  -13.757175   13.582600   -4.186750  -31.477400   22.422125    4.027375   69.731550  -56.254625   16.094950   -2.818450   59.515025  -12.076650    0.588825   30.506175   -5.849950   28.918925   -5.865900  150.749375    0.810300  -39.752400  -75.038425  -67.435100    6.107375   17.125225   -6.527300   23.953875   -0.837900  -27.469900  -17.336975    8.779800  -12.966225  -74.668725  -42.052450   -0.367500   -9.397625   -5.194825 -100.544550   -2.312950   81.841825   15.420200 -103.936400   59.235425   26.357175  -51.824850 -313.601150  115.837050  -11.073150 
 -97.821100 -260.351750   -9.230300  -35.512650  131.931800 -663.645400  -25.855850 -114.494450  900.411100 -852.052700   -2.520450  123.230250  340.466900 -811.435450  -38.263250  -58.797500 -179.493350 -303.486650  -53.380100 -112.041700  -39.467100   -8.312100  -11.426050   -7.241050   -3.197150   -0.948300   -1.339650    0.248400    1.879800   33.211500   -6.617950   12.178650    7.716800  -25.368650  -24.777900    5.633550  121.560800  -24.821150  -44.756250   63.818700   85.440300   16.020050  -65.033400   60.295050  -84.209450   66.593600  -54.748200  -11.840050   -2.756000   89.290650    1.136100   18.952250   16.046700    1.840050    4.219750    7.976100   28.557450   57.944950  -22.280650   22.805650   -2.693450  202.763900  -40.887900   -3.101850  -46.501050  162.732350  -71.248900    4.561500  -71.020500  157.818050  -77.136750   15.448800  -28.189000  145.346500   58.509850   13.843650   22.471850   68.733450   76.967150   12.068950   16.624450    4.205700    9.373000    6.095750   14.413450   32.599000   -2.825050   -7.334100  -37.113650   41.997550  -55.881000   -4.635200  -47.580200  -28.872150 -108.089500   -4.343050   58.762500  -23.768250   24.252600  -17.461250   24.904400   29.845600   98.536300  -18.046600   -3.822000   13.003250   28.593100   -2.382950  -21.452400   -8.733100   -5.622400   -2.346300  -22.962000  -37.164500  -36.688000   -1.689700  -61.813300  -32.748650 -122.409650   -2.383500   24.346150  -58.581650  -36.243700  -27.282300   51.702400   58.530550   76.193300  -39.190650  -30.916500   48.471550   19.139800   -6.562250  -13.145350   -3.673250   -3.170300   -5.667500  -55.744050  -31.646500  -16.819300   -7.631050  -90.793950  -44.735900  -81.686750   -0.786300  -25.354800   67.838400  -13.890550   -1.462850   36.889950   66.070650   55.905200   -2.028500  -14.789800   46.779250   16.799750  -44.221900   75.730750   49.114900    8.003100  -43.834950    0.096700   13.902650   -9.817650  -12.914900  -70.992150    9.078200  -87.601250    6.610600   60.460200  161.018150   37.904800  -12.830250   42.240450  124.185400   68.212750   -2.750800    7.465200   38.231050    4.244600   12.642550  -14.867450   -4.294900   -7.305000   11.234750   68.565350   48.385900   -3.355900  -63.826350   88.960400   66.887200  -31.819150  -12.255650   15.020300  180.847700  -47.880900    1.778700 
 274.137700  879.089750   45.957100   80.886050  230.632400 2491.247800  116.033450  298.678650 -852.052700 3642.053900  107.700650 -331.619250 -757.753300 2229.355650  110.240250 -715.052500  255.985950  566.469050   99.550700 -122.293100  178.639700   73.599700   39.944850   16.684850   23.762550   -3.936900    0.750050   -0.833800   38.741400  327.934500   58.273150  -20.143050  -34.207600  167.148050   94.495300  -21.962350  -67.550600   51.220550  160.636250  -79.825900  141.977900 -165.467850  170.573800  -99.297850  276.198650 -529.200200   47.332400  -19.747150  -42.708000 -351.877050  -87.512700  -30.223250  -38.081900  -86.962850  -46.860750  -19.822700    5.520350  910.632850  189.682050  -26.817050  -90.103350 -347.932300  175.715300  -61.369550  207.764850 -798.948950  183.042300   -9.750500  431.758500 -790.533850  115.134750  -13.876600  100.858000 -550.645500 -414.166450  -28.083050 -105.345450 -233.806650 -296.477550  -18.040150  -38.588650  -47.229900  -52.966000  -12.302750   21.948350  438.407000   81.742850   22.373700  133.443050  -40.670350  134.022000   -7.253600  364.501400    9.982550   97.376500   25.088850  172.127500   -1.564750 -436.403200   64.111250   28.584200  -77.454200 -402.984100   38.831200   12.359000  -27.250250 -106.026700    6.908150   63.186800   37.976700   -3.993200    5.439100   89.834000  104.031500   47.371000    4.202900  263.678100  129.223050   46.305050   -8.385500  136.274450  -49.365950 -330.269100   37.176100  100.793200  -93.306350 -277.138100  116.712050  187.525500   53.376650  -34.468600  123.158250   56.249950   47.375250   12.317100   49.072500  366.825850  216.110500  266.335100   21.359850  356.550150  144.016300 -158.840250    6.519100  260.768600 -122.528800 -359.748650  -12.042550   45.122850 -331.442050 -236.131400  -71.895500 -102.071400 -179.932250   28.124250  -18.606700  -42.832750   19.405700    5.093300  236.107150  146.778100  109.323950   75.081050  149.019300  382.632550  -98.547400  400.366250   -7.919200  145.918600 -494.104550 -640.748600   25.419250  337.349350  -22.357800 -282.581750    8.535600  133.368600  -82.854850    4.282800  -45.500350 -279.260350 -180.395700    1.960000 -248.715750 -174.719950 -598.366300  -42.723700  -55.923050   56.267200 -567.795400  -68.138450  128.667050  -50.997100 -726.488900 -174.038700   -2.935900 
  16.645450   99.639125    9.722850    0.197675  -10.919600  110.868800   36.410575  -17.507725   -2.520450  107.700650   78.656775  -73.219875   45.214450  103.609275   62.935875  -84.061250   98.114325   74.968175   35.140950  -11.091350   41.619950   26.447450   10.794975    3.302475    4.062925    1.038850    0.514175   -0.072300   13.756900   46.355750    6.703025   -0.644675    0.502900   -3.127825   13.965050   -1.681225   24.799900  -47.196575   16.486875   -2.690150   81.284650  -83.490475   37.509800   -9.312975   46.592275  -69.799200   26.252900  -13.957025   -0.710500  -13.253675   -1.737950   -4.801375   -2.303650   -4.100475   -2.440125    0.124550  -14.563275  -66.892025    1.236175   -4.351175    8.010275 -133.812050   -4.017450   -5.747425   53.409975 -136.424825   15.262050   -1.434250   44.032250  -83.986475   -0.475875   -6.226100  -25.377000  -35.379250  -44.033575   -7.409675  -14.547575   -8.355275  -15.755425   -1.975025   -1.512275   -1.229150   -1.913500    0.385375   -5.160275  -47.945500    3.092975   -4.488550   33.592175  -35.809225   13.789500   -1.145600   46.734400   -0.904575    3.495250    6.801475   -1.673750   42.943375  -65.267200   22.689375   -0.751800   14.476800  -41.792350   17.265200    2.096500    0.061625   -5.646950    1.305525    7.620300    7.424450    2.885300   -0.385150   20.159000   12.402750   17.821000   -0.437850   35.501350   17.464675   13.426675   -0.629250  -10.045925    7.020675  -26.214850   -0.800650   26.182200   -4.707725  -30.816350    8.508675   77.714250    0.992775   -5.118100   21.791375   12.548325    7.743375    2.902850    8.401250   51.793475   26.479250   39.863350    1.402475   59.500025   25.636050    7.406625    0.139850   27.283100  -10.969800  -28.347275   -1.267925   -0.139525  -58.563675  -43.854400   -6.066750   21.895600  -68.785375  -11.175125  -31.394450   37.172875  -13.869050    0.410550   -8.565475   24.171350   27.942325    7.172675   13.484050   52.355425   36.772100   18.711875    1.359300   73.860600  -37.054925  -22.683100   -9.020125   30.725725  -27.396300  -48.233625   -0.849900    1.488100  -23.747475  -18.321200   -1.246725   -8.619225  -24.933450   -3.037500   -9.650125  -11.868325  -26.768550   -1.458950  -31.364675   21.141200  -45.558400   -4.933075  -24.731325    3.412150  -86.738150  -57.758950   -8.355150 
 -70.850250 -390.760625  -28.668250  -11.880375  181.107000 -354.856000  -51.615875  237.872625  123.230250 -331.619250  -73.219875  886.869375 -390.910250 -763.152375 -106.439375  343.296250 -380.059625 -440.937875  -81.487750 -100.609250  -95.872750  -49.105250  -21.183875   -8.786375  -12.136625   -6.888250   -2.797875    0.668500  -29.740500  -61.168750  -24.906125    4.390375  -15.400500  -33.072875  -43.162250    6.935125  -31.180500   45.860875  -39.309375   80.006750 -131.314250  208.396375  -52.131000  105.033875  -98.072375  117.949000  -57.965500   22.676125   20.572500  -12.174625    8.582750   17.826875   -1.725750  -22.988625   -6.629375   -0.549750   56.012375  578.026125   -1.612875   23.917875  -59.992375  468.602250   31.160250   -4.920875 -140.293875  327.652125   11.412750  -13.783750 -150.111250  238.536375   52.924375   14.609500   62.740000  109.531250  132.195875   17.360375   48.060875   -7.242625   22.484125    3.446125   -5.602625  -14.683250   -6.127500   -0.866875   41.897375  366.277500   20.001125   10.874750  -88.652875  234.645125   -1.562500   -2.158000 -151.608000   34.315875    2.258750  -12.391375   -4.671250  -97.466875  216.709000  -34.591875   -7.214000  -37.481000  128.170750  -27.919000   -0.757500    1.781875    1.192750   -2.708625  -24.983500   -7.960250  -15.148500    2.971750  -31.495000    0.961250  -32.200000    0.313250 -106.730750  -27.490375  -42.325375   -2.328750   -6.958375  -38.320375   57.898250   -4.255750    4.501000  -46.257375   66.015750   -3.695375 -149.486250  -59.009875    2.574500  -52.481875  -37.649625  -12.861875   -2.678250  -24.141250  -75.661375   -7.726250  -45.935750   -0.311375 -107.886125   14.027750  -28.063125   -1.473250  -78.934500   50.761000   71.347375   -1.778375  -29.381375  121.440375   82.833000   -9.756250  -13.722000  181.656875  -14.819375  124.865250  -96.599375   16.962250  -12.614750   72.811375  -89.060750  -63.339625   17.174625  -40.532250 -131.614125  -42.984500   53.600625    7.346500 -115.037000   99.741625   17.234500   13.590625  -80.162625   43.503500   98.908125   -4.604500  -93.869500    7.901375   18.219000  -26.872375  -63.269875  -44.879750   -6.457500   42.750625    1.709625  -18.915250   -6.367250  206.835375 -100.014000   84.283000   53.928375   31.424625 -119.826750 -112.233250  261.742750    0.391750 
 -50.266900   14.651750   -1.798700  -26.704350 -249.812800 -491.131600    3.407850 -228.191550  340.466900 -757.753300   45.214450 -390.910250 1232.665100 -436.420550   89.928250  -14.687500  343.810350 -226.035350   17.147100   36.005700  -19.525900  -62.770900  -14.162950   -4.507950   -5.709850   -5.665700   -0.932350   -0.131400   17.999200   22.933500    2.931950    2.183350    3.162200  -87.623350  -18.859100   -0.069550  148.748200 -182.085850  -34.848750   -6.757700  318.858700 -185.276050   15.586400   -1.801050   22.863450   -1.970600  -10.857800  -17.558950  -22.974000  122.526350   12.976900   -2.932250   17.594300   21.403950    9.840250   10.596900  -27.381450 -630.153950  -86.271350   14.981350   55.112450 -226.776900  -89.444100   20.303850   70.937050  -20.744350  -67.518100    6.863500  -36.029500   50.470950  -83.613250   -6.999800 -116.151000  125.413500    1.358150   -1.971650  -30.193850  115.647550   62.669850    1.097050   22.691550   25.395300   23.892000    6.524250  -23.992450 -364.544000  -60.098950   -3.053900   31.891650  -82.288550  -18.694000    4.999200  -15.985800    1.485150  -46.160500    8.014050  -28.397500   82.873250  -14.039600   14.006250   -6.137400   32.717400   29.442700    3.933600   -7.633000    8.341750   28.324900   -1.283050  -19.194600   -3.954900   -2.354600   -3.087700   17.252000  -27.490500   22.733000   -1.676300   -3.380700   -3.338350    3.712650    4.053500  -76.484150   -8.495350   39.882700  -11.031700   -5.815400   -2.881550   30.220700  -44.481350    1.031500   34.627450    2.759200  -15.572750  -11.252650   -2.101750   -5.033700    3.112500  -15.559950  -27.338500    7.210300   -2.532950    8.307950  -15.711100   74.726750   -0.572700   -9.534200   17.188600  -13.093450    7.364850   23.206050   14.456350  -43.009200   51.333500  -90.214200  -15.829250    1.550250  -78.280100  -57.015750   95.602100    4.954900  -64.631050   20.879300   70.644350  -24.519350   11.272900   15.625150  111.832800  -69.153750   -1.847600  158.380800   27.878850  143.419200   -2.109750  -71.699450   -5.043400   -1.297750    1.876800   46.970800   76.377950    3.948400   50.701450  -20.358550  152.757900    8.995000   25.570250  -60.122350   73.361100   10.668900 -118.346650   64.316600  -27.626200  -23.767850  -24.531350   12.273700  128.838300 -195.166100   -0.927700 
 112.340450  331.386625   16.152850   19.385175 -145.244600  759.873800   32.813075 -171.845225 -811.435450 2229.355650  103.609275 -763.152375 -436.420550 3372.691775  164.658375 -269.836250  610.451825 1597.480675  201.730950  142.808650  270.789950  215.737450   86.612475   31.489975   40.365425   24.068850    8.831675   -0.307300   43.831900   78.960750   27.995525  -26.017175   -2.662100  -86.760325   23.380050  -32.118725 -126.840100 -209.294075   27.539375 -134.350150   -9.025350 -259.527975  154.834800 -157.220475  261.504775 -218.464200  226.072900   11.300475   25.664500 -168.116175   24.872050   -8.463875  -14.933650   -3.232975   -7.207625  -12.945450  -91.075775 -459.674525   16.228675  -52.418675   -3.407225 -799.402050  -20.517450  -24.464925  116.602475 -642.857325   98.042050    0.690750  210.577250 -502.588975  135.731625  -12.866100   11.418000 -378.779250 -159.911075  -23.147175  -57.430075 -143.417775 -131.572925   -6.192525  -22.994775  -18.394150  -26.828500   -7.967125  -44.587775 -217.700500  -12.539525   10.211450  109.579675 -104.291725   89.739500    0.924400  210.654400   89.282925  128.310250   18.193975  -27.243750   94.125875 -336.792200   62.041875   18.313200  -64.368200 -265.427350   34.785200    7.146500  -22.995875  -60.036950    0.373025  -11.224700   10.644450  -22.734700   -2.590150   67.109000  122.317750   78.661000    5.147150  172.731350  152.392175  134.154175   -5.129250  -32.588425   69.413175 -191.814850   29.014350   -0.637800   37.414775 -256.856350  110.596175  154.659250   52.330275  -49.613100   89.423875   13.940825   28.005875   -9.117150   18.806250   29.505975    6.329250  -45.016650   -9.305025  270.912525  109.396050   48.019125    6.789850   99.383100  -80.764800 -169.394775   -9.565425  -67.877025 -229.741175 -181.084400  -55.656750   54.225600 -186.977875  -27.712625  -91.729450   54.915375   -2.854050  -27.039450  102.837025   54.281350   85.229825  -76.944825   98.184050  113.017925   57.302100 -194.900625  -19.880700  215.780600 -128.802425 -238.713100   20.982375   95.338225 -162.576300 -202.086125    3.990100   37.148100 -107.394975  -54.636200  -19.274225   20.948275  -55.668450  -15.182500 -152.307625 -134.505825 -166.363550  -28.853950 -149.847175  -69.933800  -83.458400 -161.590575   76.171175  109.167150  460.461850 -329.018950   44.149850 
  11.448250   93.750625    8.697250   -1.022625  -37.201000   85.898000   22.818875  -34.201625  -38.263250  110.240250   62.935875 -106.439375   89.928250  164.658375   92.309375  -69.586250  141.882625  103.999875   56.110750    3.655250   45.340750   18.783250    8.207875    4.970375    2.748625   -0.407750    0.229875   -0.030500    8.351500   28.703750    4.097125   -0.887375   -0.163500  -19.770125    9.884250   -1.814125   26.536500  -66.373875   12.769375   -9.167750   94.030250  -97.120375   56.408000  -16.102875   46.553375  -79.692000   39.151500  -10.542125   -4.367500  -19.857375   -2.715750   -3.776875   -3.590250   -2.480375   -1.370625   -0.183250  -20.023375 -125.537125   -8.545125   -3.729875   12.873375 -171.209250  -12.373250   -2.446125   59.807875 -144.565125   23.524250   -1.096250   42.416250  -93.020375    9.720625   -8.973500  -31.565000  -48.191250  -46.803875   -8.947375  -18.588875  -11.698375  -16.436125   -1.397125   -2.583375    0.137250   -1.552500    0.226875   -5.143375  -79.207500   -4.612125   -3.591750   37.854875  -32.464125   22.372500    0.059000   48.769000   14.246125   20.281250    7.290375  -13.168750   51.651875  -70.232000   22.981875   -9.498000    5.928000  -45.729750   15.887000   -0.112500   -0.611875   -6.965750    0.489625    3.805500    5.778250   -1.079500   -0.207750   22.985000   19.693750   26.375000   -0.317250   39.294750   22.167375   28.912375    0.498750  -15.908625   10.412375  -24.007250   -1.350250   13.387000   -9.856625  -38.364750    8.452375   60.871250   -2.799125   -7.208500   18.461875    5.902625    5.151875    0.307250    4.821250   34.855375   20.006250   20.334750   -1.669625   66.862125   38.554250   17.678125    1.042250   26.593500  -10.393000  -35.123375    1.001375   -2.524625  -45.777375  -45.864000    1.006250    3.996000  -54.926875   -4.160625  -32.643250   29.114375   -6.424250    1.431750   -3.395375   21.784750   23.097625   -2.302625    8.634250   42.901125   27.873500   -0.765625   -1.019500   60.241000  -28.723625  -27.713500   -2.925625   -0.358375  -27.120500  -50.538125    0.558500    1.678500   -5.610375   -8.317000    3.388375   -8.314125   -3.018250    3.567500  -12.090625   -8.862625  -24.396750   -3.430750  -24.292375   18.177000  -24.524000  -12.911375  -12.397625    8.992750  -37.332750  -47.550750   -0.997750 
-123.982500 -387.378750  -27.982500  -29.531250 -158.130000 -768.345000  -70.366250 -133.856250  -58.797500 -715.052500  -84.061250  343.296250  -14.687500 -269.836250  -69.586250  876.757500  -99.543750 -119.971250  -52.012500  196.702500  -77.632500  -58.672500  -19.336250   -0.146250   -9.498750   -3.092500   -0.431250    0.755000  -42.630000 -204.752500  -35.043750    0.456250   -2.870000 -250.636250  -73.107500   -1.041250  -64.930000 -238.933750  -93.146250   14.092500 -149.297500   28.946250  -58.270000   84.231250  -63.036250  200.090000  -24.870000   75.223750   15.940000   41.966250   17.552500   27.226250   -0.182500   10.221250    5.553750    4.842500   -1.298750 -193.611250  -73.746250   26.351250    7.818750  162.282500  -55.212500   35.088750 -114.816250  351.258750  -40.642500    4.497500 -225.487500  316.636250   -9.428750   17.440000    0.280000  158.692500  146.501250   20.301250   47.101250   46.821250   66.588750   10.273750    1.031250    5.802500    6.970000    2.968750   19.596250   -0.795000  -15.456250   19.837500  -67.926250  215.108750   -8.415000    9.755000 -194.370000  133.076250    5.037500   -8.686250  -60.027500   -2.486250  183.625000  -26.801250   23.905000  -11.310000  148.892500  -19.495000    0.970000    4.701250   27.947500   -1.703750  -42.730000  -13.522500  -11.855000    0.602500  -36.070000   -4.667500   -9.645000    1.987500 -114.567500  -43.156250   16.113750    1.602500  -81.776250   -8.891250  120.902500  -13.322500  -65.065000  -21.631250   91.572500  -56.106250 -118.447500  -27.306250    7.855000  -58.486250  -22.003750  -20.871250   -7.027500  -15.627500 -164.901250 -117.192500 -119.762500   -4.256250 -154.203750   -4.177500   87.571250   -1.512500 -137.215000   35.900000  116.066250    4.593750  -44.866250  160.561250   84.210000   14.667500  -13.755000  189.361250  -29.951250   53.537500  -81.126250  -29.197500  -17.022500  -21.838750  -77.037500 -148.078750  -45.906250  -23.717500 -228.663750 -145.325000 -211.026250   -2.210000 -234.150000  156.553750  169.940000   32.988750 -178.863750   40.530000   89.158750   -2.920000  -58.920000   67.501250    4.460000   -3.206250   58.278750   89.147500   -9.885000   80.673750  -18.686250  120.632500    2.687500  202.321250 -164.725000  248.035000    0.081250   67.398750   -0.662500  529.277500  122.547500   30.552500 
