 710.593600  327.944200   55.700000   62.876600   -6.311000    0.668400  -17.689200   -1.186600 -181.972200 -129.133600 -144.811200  -35.770600   25.702600 -221.605800 -132.181400 -111.142200  210.485400  -48.786200  -15.858000  -91.974400  119.338400   44.437400   -3.935800   10.361600   83.773200   80.878800    4.417400   27.795400  968.291400  -41.319000   49.677200    0.945600  -43.309000   20.001400   -0.315800    2.807400 -198.167000    2.277400  -59.533000   -0.927000  -55.707400  -64.153800  -69.384600   -0.943000   31.286800  -46.466400  -39.907400   -9.409000    4.700600 -125.325600  -22.157000  -44.996400  102.989800  -73.818400   -1.669800  -72.508400  556.413000 -179.739400   22.948200 -133.012200  -23.831800   33.731600   48.026400   -1.775000    2.070800    5.784600  -42.451200   29.293400   33.586000  -85.375600 -104.826600   10.886200    6.445200  -20.175200  -19.046600   -9.345000 -126.634800    6.804000  -19.579400  -17.421400 -118.069400   12.316600   -5.604400  -75.731200  236.733000  -52.895800   -5.598200 -100.075000    8.613800  -63.016800  -69.471400  -36.201600  -37.180000  -77.345800  -75.634400   17.255000  123.960400  -24.633200  -17.776400   40.768800   85.714000   24.958800   16.187600  -15.988000 -163.783400   -3.940200  -10.582000  -16.326800 -104.098400   68.119000   36.165800    7.982000  135.974600   29.747200  -18.176400  -23.978200  -75.407800  -41.642200  -67.286800  -49.137200  -91.823000  -87.794600  -35.823000  -77.937400  140.571000  -62.494800   -4.865600  -40.847000   38.559600   58.515800   -8.825000    6.592000 -107.782000   62.373600  -20.569400  -13.536200  -36.275000   31.930000   34.842000   -1.310600   21.856000    8.265800   -3.660600   26.920400  -62.751600  -25.898800  -10.401600   -7.558800  -26.394000  -45.959400   -7.551400  -41.328400  144.279400 -103.472800   16.822600  -51.580800   20.987200   64.006800  -34.954200   -6.623800  -67.484400   87.531800  -34.095800    1.195600   -2.580400  -19.516200  -16.311800   -0.638800   25.787000   22.493400    4.850800   27.407600   12.507400  -16.967200  -10.803800   11.342000   42.873000  -14.491000   46.251600   -5.370800  135.593200  -63.147000   62.210200   -8.454000  -66.379200  -65.304200 -102.815400   -0.894800  -67.018400  -18.014000  -31.872200    1.254200   -3.711000   -4.743400   -1.639200    0.260800 
 327.944200  220.166775   23.027500   30.334575   -4.870750   11.173550  -14.699900    0.371050  -94.184650  -52.412325  -95.752025  -19.859450   17.534700 -101.980725  -69.948925  -70.145900  121.686925   -6.825150   -6.912875  -54.699300   81.416675   14.260300   -4.598850    4.913325   27.262900   21.562350    0.592175    3.948175  613.781425   93.382625   18.413400   24.760700  -16.524250   12.770800   -4.816350    2.977800 -132.773375   -5.258450  -37.981000   -2.529625  -27.047800  -15.111725  -38.715575   -4.404750    3.483350  -16.680175  -29.593425   -8.650500    3.590075  -82.832575  -18.325250  -14.667050   19.896225  -55.771050   -5.017475  -53.584800  386.655375 -128.499925    3.881650  -78.963400   19.137900   34.406450   20.518925    2.419375  -26.501150   10.182450  -10.343900    7.052300   16.151375  -42.676325  -51.723325    5.522025  -10.606225    3.036225  -16.388950   -9.372500  -66.480600   20.061750   -9.944925   -2.541425  -98.819300   21.425825   -9.799300  -39.287025  110.640375  -41.526350   -9.596025  -80.101250   28.591725  -18.427100  -36.424550  -16.590825  -21.225000  -38.747600  -36.953050   -3.211250   64.546300  -20.102900  -10.448300   12.543600   25.067375    9.954225   14.829075   -7.210375 -103.504800   -4.880025   -3.242750   -7.513975  -26.529175   20.648000  -21.563650   15.267125   23.052450   44.310275  -13.067675  -29.220400  -28.030350  -19.939025  -48.003975  -27.075900  -41.915375  -56.374325  -26.981000  -34.087800   72.153875  -51.774975   -6.441325  -38.544625   26.258075    7.084475   -2.836875   -6.282875  -67.086500   -9.981425  -19.194300  -13.245775   52.409375   -3.417500   -7.717250   -0.975075  -32.899875    3.331975   -5.044450   -9.066200  -34.470200  -20.458600   -8.448325   -6.469225    7.176375  -22.834925    3.959200  -12.513550   64.300550  -47.200975   10.457200  -23.175725   -7.325350   55.933350  -30.923650   -5.143600  -34.821175   70.774600   -3.290100   -0.766175   19.860575   13.281100   25.593525   -0.096100   12.765875   35.654175    6.921350    6.595950   14.318425   34.201600   17.872025    4.129000   32.696000   22.845500   61.648325   -4.240725   19.695400  -30.394625    8.074400   -4.713625  -47.692400   -1.716775  -75.060675    3.309400  -24.427925   23.180750   -9.853400    3.490525   -0.570125    8.627700    4.614475    0.353850 
  55.700000   23.027500    8.220000    2.817500    7.170000    4.835000    2.325000    0.215000  -11.995000    1.072500  -10.462500   -1.570000    6.695000  -11.997500  -11.667500   -3.605000    5.402500   -5.255000   -2.012500   -6.625000    2.997500    4.600000   -0.125000   -0.177500    6.300000    7.280000    0.302500    1.857500   61.617500   -3.562500    7.480000   -3.490000    4.355000    1.640000    1.165000    0.570000  -17.342500    4.130000   -5.830000   -0.342500   -6.500000   -3.042500   -5.222500    1.930000   -2.840000   -1.242500   -4.427500    1.075000   -3.077500   -3.417500   -1.720000   -3.235000    8.447500   -2.260000   -0.012500   -1.795000   34.192500  -10.887500    0.565000  -11.730000    0.410000    2.345000    1.777500    0.872500   -2.400000    6.060000   -1.740000    1.170000    1.627500   -0.387500   -6.457500    1.082500   -1.477500    2.212500   -0.850000    0.210000   -9.055000    4.825000   -1.522500    0.062500   -8.210000    1.742500   -0.230000   -1.892500   23.912500   -4.260000   -2.512500  -10.345000   -2.322500   -4.640000   -8.905000   -1.987500   -5.720000   -5.260000   -6.225000    0.365000   13.330000   -1.625000   -1.280000    2.025000    9.212500    1.382500    1.047500   -1.412500  -12.405000   -2.832500   -1.360000   -1.217500   -2.192500    0.100000    0.175000    0.117500   20.225000    2.547500   -1.822500   -0.885000   -9.235000   -2.727500   -4.182500   -2.960000   -9.652500   -4.917500   -2.440000   -4.050000    9.952500   -3.562500   -0.097500   -4.497500    0.252500    4.672500    0.397500    1.047500  -10.320000    0.252500   -0.600000   -0.312500    4.347500   -4.590000    6.480000   -0.272500   11.512500    1.337500   -0.310000    7.615000   -4.580000   -1.155000   -0.197500    0.857500   -2.477500   -2.927500   -0.090000   -2.645000   13.810000   -8.702500    1.385000   -5.197500   -2.975000   12.185000   -3.870000    0.375000   -7.407500   15.195000   -0.425000    1.712500    3.492500   -1.385000    3.622500    0.030000    4.482500    3.592500    0.575000    5.335000    3.457500    1.155000   -0.202500    2.155000    7.710000    2.840000    4.897500   -0.817500   18.095000   -3.787500    3.275000   -1.997500   -9.975000   -3.137500  -11.062500   -0.360000   -8.397500    2.410000   -2.415000    0.937500   -0.137500    1.010000    1.232500    0.095000 
  62.876600   30.334575    2.817500   13.473975   -6.024750   -3.100850   -4.387700    0.131650   -9.164450  -20.199725  -17.902825   -0.079850   13.093100  -36.967925  -19.396525  -12.080700   21.985525  -19.280950   -4.359875  -11.843900    5.712275   -9.373100   -1.541050   -3.722275    1.131700   -2.363450   -0.006225   -3.293225  115.689025   -0.933375    2.678200    9.631100  -14.245250    4.083400   -1.168550    0.364400  -23.071375    2.923150   -5.298000    1.837375    2.675600    1.444075   -7.501975    1.893250   -0.490450    6.697225   -3.535025   -1.176500   -4.269525   -3.212975   -3.463250   -2.924650   -6.840575   -8.921650   -1.190675  -12.815400   72.607375  -22.749525    1.715450  -12.783200   -8.748300    7.450850    9.331525   -0.810625   -8.618950    8.238850   -1.774700    3.322900    7.725375   -3.521725   -9.537725    3.987825  -10.624425    7.779425   -1.443350   -0.857500  -21.028800   15.867750   -3.039525    0.180975  -23.823900    6.155225   -2.758900    4.122175   18.542375   -7.563550   -1.569825   -9.036250   -4.879075   -6.978300   -3.817150   -4.380225   -9.295000   -7.829800   -2.952650   -0.016250   17.459900   -4.406700   -0.745900    4.107800   -1.191625    1.403425    0.677475   -0.617375  -27.220400    2.258175   -0.825750   -2.325175  -11.279775    5.499000    1.098550   10.030125   -2.776150   -1.474925   -3.700275   -0.249200   -9.210550   -5.553825   -9.240175   -5.890700  -11.147375  -12.530725   -2.418000  -14.814400   20.307875  -16.133175   -0.836725   -7.692625    5.139475    7.751675   -2.506875    4.150125  -13.494500   15.505975   -2.418900   -1.686575    0.284375    9.742500    3.605750    0.854525  -10.795875   -4.155825   -1.624850    2.982400   -8.274600   -1.962800   -0.157725    0.251575   -3.564625   -6.454525    0.436600   -7.019150   16.100150  -14.691175    0.655600   -6.857925    7.689450    3.964550   -2.336450   -0.112800   -7.910775   15.715800   -6.757300    0.094225   -0.178025    7.680300   -1.292675   -0.125300   -3.276125   -2.170225   -1.021450    1.064350   -1.439975   -2.808200    0.172825    0.942000   -1.007000   -2.163500    7.787725   -1.082925    6.119200   -4.432625   11.421200   -1.294625   -4.930200  -11.234575   -7.884275   -0.563800   -8.478525   -5.130250   -4.818200   -0.256675   -0.454125   -1.192900   -0.983325   -0.008950 
  -6.311000   -4.870750    7.170000   -6.024750  588.357500  167.243500  174.507000    9.178500  370.064500  693.952250  194.033250  100.588500 -366.191000  318.479250 -163.454750  269.217000 -230.800250 -119.010500  -49.261250   73.114000 -132.792750   -4.474000   -0.639500  -49.342250  -20.322000   25.524500    8.617250  -22.467750  -36.870250    6.958750   -0.892000  -32.416000  627.857500   55.726000   71.195500   23.531000  281.078750  109.273500  -16.785000   50.601250 -175.396000   13.069250  -65.955250   50.582500  -18.500500  -47.227250   14.480250   67.125000 -106.139750   17.259750   28.782500   28.511500  -20.974250   30.481500   13.696750   34.119000    9.641250   15.300250   11.820500 -107.263000  388.343000   58.741500  -67.890250   37.701250  123.749500   87.651500 -148.453000   41.851000 -129.928750   68.207250   31.502250   -9.628250   -8.125750   20.575750   33.708500   38.660000  -30.907000   21.867500   24.185250   16.810250  -29.766000   43.507750   29.714000   14.618250   65.991250   80.915500   17.723250  -62.697500   25.535750   59.373000 -136.793500   47.002250  -53.040000  106.338000  -85.123500  101.302500 -185.684000   81.667000   26.739000   46.267000   64.216250   21.385750    1.665250   16.473750   65.559000  -13.356750  -17.882500    4.931750   34.692750   14.800000  -24.325500  -14.506250   45.896500   98.879250    2.397750   -4.438000 -111.599500  102.593250  -18.238250   42.547000  -77.921250  146.877250  -10.740000  168.949000 -147.463750  133.161750   -6.042750   92.851250   30.845250   38.638250   -3.026250   21.658750   40.075000  -30.659750  -27.731000    9.595750   24.121250   50.100000   18.017500    0.899750  -57.441250  112.663250   -5.576500   -6.374000  -79.279000   22.063000  -20.137750    0.599250  -20.318750   52.785250  -10.701000   52.871500  -88.426500   98.326750   -0.876000   16.099250  -27.259500   15.009500   -4.875500   25.468000   47.857750    6.002000   16.298000   10.612750   -0.614750   15.622000   16.576750    1.643000  -79.968750    1.962250   -5.705500  -16.353500  -38.185250   26.797000  -15.483250   -3.565000    4.415000  105.025000    3.152750   -4.195750 -126.102000   39.046250   12.798000   -6.983750   -4.983000   11.005750    0.362750    3.763000   51.125250   30.532500   10.617000    7.991750   -1.778750   -2.521000   10.113250    0.959500 
   0.668400   11.173550    4.835000   -3.100850  167.243500  121.057100   68.465200   10.672100   23.595700  286.400350   -8.619050   58.876100 -107.345600   66.823550  -72.952850   40.473200  -85.396150    7.004700   -2.680750  -32.408600  -26.101650   10.745600   -1.182700   -5.398350   -0.979200   -8.705300    2.419350   -5.123650   35.317850   31.060250    5.206800  -24.548600  143.921500   27.581600   27.682300    6.460600  -61.001750   30.043100  -13.987000    8.780750  -30.440600  -11.738450  -33.606150   19.445500    9.141700   12.329650   -2.306850   17.184000  -33.334850   -0.770150   -0.490500   11.555900  -12.887550  -11.792100    4.770050    4.695400   55.295750  -15.229850   15.508300  -57.446800   80.135800   31.177900   -1.582150   13.603750  -48.487300   27.534900  -25.507800    1.239600   -7.917250    3.092350   -2.636650    5.509050    4.342550   21.717450   13.792100   16.075000  -57.711200   25.758500    7.760150    6.152150  -54.253600   27.461650   19.771400   12.150950   35.230750   31.882300   12.802950  -28.242500   -2.686550   22.515800  -40.899100   11.998350  -62.265000   24.454800  -16.456100   -3.957500  -28.002400   16.329200   12.733400  -12.392800   39.554750   10.213450   10.308150    5.614250  -48.809600    2.169950    2.769500   -1.012950  -16.138350   13.026000    4.097700   -5.070750   13.814900   66.715550   -0.400350    2.959200  -45.765700   39.691950  -14.597950   14.583200  -26.075750   55.006350    0.053000   25.839400  -13.897250   39.205050    3.442350  -17.264250   21.766150    6.858950    9.546250   -6.335750  -44.073000   -0.397850   -6.103600   -3.111550   19.918750    4.750000  -18.184500   -1.135150  -28.724750   46.448950   -4.103900   -2.607400  -35.745400    6.772800   -8.006650    4.636550   27.867750   33.785150    2.018400   15.092900    5.706100   32.853050    9.104400  -12.001450  -31.665700   29.366700   -2.827300    4.597800  -17.522350    8.259200   -0.840200    5.497650   24.816150    6.197200    2.967050    0.817800  -23.668250   -5.181650   -1.392300   -4.713100   -1.813150    2.138200   -4.125950   -3.827000   52.812000   63.241000   38.456650   -2.431450    0.370800   31.845750   29.018800   -8.542250  -78.169800   11.956450  -32.121350    1.143800  -17.180850   28.706500    0.648200    9.736050    0.654750    7.470400   13.428950    0.947700 
 -17.689200  -14.699900    2.325000   -4.387700  174.507000   68.465200  124.752400   -1.374800   26.403400  284.946700  162.188900    5.383200 -141.967200  151.285100  -38.096700  104.153400  -59.296300  -51.888600  -11.041500   52.216800  -49.977300   -8.232800    2.067600  -15.077700  -11.025400   10.606400    1.654700   -4.911300  -59.928300  -30.864500    0.196600  -21.363200  294.558000   20.854200   61.762600   10.487200   37.076500   33.257200   27.486000   -0.353500  -80.542200    1.716100   -4.681300    4.236000   27.140400  -38.876700    8.470300   38.763000  -29.070700   -5.044300   10.579000   12.230800  -24.068100   -2.285200    6.493100   16.569800  -50.248500   -0.130700    0.009600  -43.101600  204.869600   18.759800  -26.963300   26.872500    2.012400   50.708800  -22.983600   14.775200  -81.684500   30.840700   34.657700  -12.218900   21.078100    0.956900   18.285200   19.340000   14.965600   13.777000   10.004300   11.198300  -33.498200   15.117300   15.776800   21.258900    8.486500   51.987600    9.992900   -9.150000   13.258900   36.789600  -62.589200   41.307700  -51.615000   47.072600  -33.193200   44.660000 -112.253800   30.680400   14.710800   -1.248600   37.054500    7.663900    9.720300   -1.851500   61.759800   -3.973100    3.594000    1.847100   -3.962700   -2.418000    9.867400   -6.981500   17.283800   53.664100    2.498300   10.670400  -59.243400   54.240900   -6.517900   30.843400  -40.086500   89.358700    3.511000   94.702800  -86.994500   69.438100    3.185700   39.886500    9.316300   10.069900   16.082500   -0.491500   34.864000  -16.846700    4.606800    0.743900   -3.622500  -10.735000   16.746000    2.325700  -37.884500   48.929900   -7.296800    2.071200  -48.649800   14.188600   -7.847300   -1.938900  -12.644500   23.769300    4.670800   27.004800  -38.991800   42.584100   25.092800   19.035100  -40.453400    1.550400   27.532400    5.353600   -3.600700    6.325400    9.117600    4.284300    0.741300   -9.103600   10.337100    0.413600  -39.556500  -18.837300   -5.342600   -8.042200  -19.590300   26.863400    5.601100   -1.944000    4.339000   91.707000   65.342300   -1.399900  -64.980400   35.161500   91.310600   -5.909500 -113.387600   -7.255100   15.301300   -0.674400  -18.887700    7.538000    0.093400    3.050100   -0.905500    0.919800    4.319900    0.357400 
  -1.186600    0.371050    0.215000    0.131650    9.178500   10.672100   -1.374800   11.597100    0.160700   15.102850  -17.221550   40.716100  -22.995600  -17.708950  -16.260350    0.318200  -28.178650   -2.090300   -0.808250  -18.873600   -5.624150    1.790600   -0.852700   -1.825850    9.330800   -4.055300    3.091850   -1.486150   15.840350   10.632750    1.001800   -1.313600  -11.273500    0.266600   -1.152700    0.245600  -17.734250   -2.471900   -6.872000    7.988250    5.844400  -10.185950   -9.523650   11.950500  -14.353300    7.947150    1.120650   -5.251000   -5.777350    0.082350   -1.365500    3.360900    3.019950  -12.087100    2.777550    2.075400   32.188250   -2.862350   -0.196700   -7.841800   -9.874200   -4.087100   -0.679650   -1.908750  -12.957300   -8.335100   -0.727800   -1.460400   15.045250  -13.360150   -0.629150    5.436550   -5.814950   -1.240050   -1.332900    2.340000  -19.456200    0.798500    0.257650    0.809650  -16.343600   -5.155850    3.286400    9.713450    4.658250   -2.807700   -1.569550   -1.622500   -7.639050   -3.724200   -1.414100   -3.589150  -18.250000   -3.410200   12.673900  -10.407500   11.897600   -0.060800    6.443400   -1.832800    0.887250    5.080950   -1.034350    3.476750  -25.679600    4.317450   -2.560500    0.394550   -5.120850   -5.994000   -6.937300    4.236750    1.504900   -0.461950   -0.247850   -1.600800   -6.125700    0.949450    2.254550   -0.621800   -4.923250   -5.956150    7.468000  -15.995600   15.305250  -16.232450   -0.225150  -16.406750   12.643650   -7.138550   -4.636250   -1.103250  -15.083000   -1.845350   -6.253600    0.575950   12.241250   -6.290000   -4.809500   -0.307650   11.822750    2.541450    0.531100    2.802600    2.314600    1.822800    2.335850    1.569050    9.190250    4.297650    2.263400   -1.797100    8.786100   -6.879450   -1.285600   -8.563950    6.704300   -3.778300   -4.047300   -1.702200   -0.959850    7.614200   -0.105200    1.600150    3.723650    7.242200    4.914550    0.057800    1.859250    2.545850    0.372700    4.001900    1.904350    1.858200    0.016550    0.758000    6.192000   -0.194000   -5.915850    0.846050   13.860800   11.943250   -7.216200    0.110250    2.295200    5.548950   -4.048850   -1.081200   -2.743350    2.726500    0.098200   -0.096450   -0.342750   -0.684600    0.846450   -0.007300 
-181.972200  -94.184650  -11.995000   -9.164450  370.064500   23.595700   26.403400    0.160700 1321.821900  517.670950  189.861150  140.598700  186.719800  431.210350 -157.428450  357.089400 -591.664550 -193.565100 -132.207750  104.093800 -349.498050   15.090200  -13.715900  -88.976950 -192.481400   12.629900   -7.676050  -62.102050 -291.881550    2.384250  -29.199400   12.773800  320.585500   10.247200    1.584100    0.365200  789.930250   68.512700  -40.039000   88.932750  116.474800  107.976350  -78.894550   98.548500 -198.781100  139.504050   -4.246450   66.448000 -159.882450  218.722450   17.221500   77.875300  -90.243350   71.344300  -41.019150   75.816800 -185.902250  172.877550    7.201100   47.099400  110.813600   50.444300  -30.241550    0.313750  240.795900   21.488300 -198.357600   41.043200  -25.013250   80.579950  -44.118050   32.468850 -107.056650   47.551650  -11.894300   57.780000   44.869600   37.864500  -32.047450   53.836550  136.878800  -45.066950  -75.616200  109.881150  -30.167250   67.349100   29.620150  -25.822500  -30.621350   -1.781400  -23.214700   25.091950   81.995000   51.276600  -57.078700  111.352500  -43.750800   35.951400  -33.877200   95.482400  -82.539250  -39.546350  -57.881450   49.257250  127.931800  -49.100850  -58.078500   18.654850  257.443050  -47.073000 -111.504100   68.712250   19.553300  -41.820650  -23.325950  -20.708600  -58.801900   -2.601850   20.889850   29.649400  -99.317750   15.612950  -22.674000   89.109800  -68.073250   60.430850  -45.355050  115.287750   21.749550   48.502150  -39.743750   60.057250   69.834000  -29.153450  -42.251200   16.068650  170.338750  103.175000   36.228500   10.362450   28.199250    2.817150  -16.896300  -11.890800  -33.486800    7.707600  -24.788050    0.521350  -56.248250   31.982550  -51.407200   18.724300 -114.291300   49.746850  -77.840200   15.460350  128.963100  -56.911100  -15.744100   48.237600  103.865050   -6.908600   39.876600    7.300050   24.259550   91.092400   73.784850    0.232600   44.414750    9.466950   -3.089100   -3.362700   22.661450  -31.040600  -56.701150    7.226000  -72.231000  -19.303000 -193.341950   14.515350 -110.431400   18.242750 -141.385400   31.026750  254.018400   59.739650  113.407050   17.879600  113.340550   49.125500   68.219400    2.682850    3.080750   26.081800   16.947150    0.060900 
-129.133600  -52.412325    1.072500  -20.199725  693.952250  286.400350  284.946700   15.102850  517.670950 1351.862975  313.113075  114.794350 -483.275100  802.645175 -276.349225  399.959700 -411.794775  -55.622550  -76.546375  104.196900 -259.724025   62.680100   -8.095450  -51.030975  -91.135700    4.074950    0.049475  -26.493525 -249.848275    3.162125  -13.112200  -53.078100  770.387750   85.693600  125.542050   28.642600  243.580125  187.856350   19.473000   42.553875 -223.472600   71.688175  -75.797275   38.939250   33.161950  -47.995475  -11.420725  120.036500 -145.246225   56.933725    0.440750   85.950150  -90.136675   33.807150   -4.064575   99.483400 -154.091125  101.233775   17.443050 -105.012800  485.989300   98.749650  -51.785775   52.776875   61.600450  134.756650 -147.611300   34.419100 -153.404125   78.139975   18.015975  -23.243075   98.596675  -18.141675   17.597850   68.237500    1.254800   12.949750    5.803775   43.563275  -21.298100   40.706525   14.806900   56.078075  -25.086125  132.702050   31.095075  -39.921250   38.511825  106.704300 -173.197350   92.313475 -103.430000  145.805800 -131.676850  120.633750 -227.027900  112.015700   11.578900   18.841200  133.297875   16.689325    1.871775   11.816125  122.853400  -20.027925   -5.361750   16.594925   14.696525   36.066000    9.847950  -28.691375  -88.933350  140.652175  -20.707975    8.923200 -147.515950  150.004075  -62.410075   91.769700 -106.613875  271.363975  -17.552000  249.357400 -225.541625  311.367925   -2.635025  125.203875   27.029775   63.488575   11.890625    7.228625   53.444500  -17.646725    4.166900    6.339325  -51.968125   67.907500    1.926750    3.361225 -200.445375   85.756075  -34.780650  -25.920400 -161.133400   28.033800  -43.804025   10.840675  -14.269125   81.728775   -7.058600   61.699650 -144.295650  134.125925   31.472400    0.330175  -64.725950   -7.073050   35.907950   22.288800   56.147525  -34.966800    8.243300    7.902525  -24.107725  -21.641300  -12.327575    1.461300 -133.487625    4.108475    1.167950  -35.338850  -98.869275   58.212200  -10.323075  -10.147000   22.392000  241.558500  112.794025   -7.029825 -223.698200  111.713875  159.359800  -28.834125 -191.080800  -12.862675   44.381025   -3.070200   21.407775   23.702750    7.862200   11.511425  -10.894625   -5.004100   12.218575    1.490450 
-144.811200  -95.752025  -10.462500  -17.902825  194.033250   -8.619050  162.188900  -17.221550  189.861150  313.113075  864.594775 -179.761050 -350.016700  681.620475  431.450675  221.399900   98.681325  -36.178350  -43.920875  492.842300  -60.195925 -156.343300  -11.657650   10.465925 -119.876900  -89.490850   -8.446425  -42.137425 -370.038175 -145.746375  -29.227400  -35.342700  586.591750   -6.398800  133.629850    7.099200  666.504625   50.757950  262.511000   -9.811625 -257.514200  189.791475  178.078825  -67.072750  187.053150 -179.870575   49.580175  127.330500  111.811675  -62.459175   -2.282250  112.532550 -239.255975  -51.683450  -15.135275   36.782800 -255.066625   20.491675   -9.353150   57.357400  509.168100  -10.745950  -35.385675   25.999375  361.312650   94.553050  -23.522100   57.519700 -414.342625  258.527075  195.289075  -81.779775  133.565975   22.734025   35.823450   47.477500  405.131600    0.065750    8.761675   70.828175 -137.557700   57.383425  -49.207700  236.999775 -106.406625   85.599850   60.818775  141.058750  147.443525   84.688100  -30.054950  118.436575  213.905000   71.973600 -117.291450  240.218750 -550.914300   10.596900  -15.708700   20.060400   90.491375  -45.278975   -0.622325  -31.413375  611.527800  -91.062225  -26.739750   22.286225  241.153425 -125.043000  -84.579850   65.314125  -25.421950  -34.965525   23.196925   45.224400   58.288850   41.626775    6.871225  123.349900   39.231625  148.090075  -26.099000  448.480800 -439.175125  225.287225  -11.457925  315.758375   47.458675   -1.251725   43.798125   15.294125  424.966500 -156.491825  -15.827700   15.961025  199.929375  -55.007500  182.624750    9.533325  -38.073875  -15.394225  -27.966050  -19.526800  -19.772800   -8.770400  -38.215925   -4.296025 -106.572625   37.201675  -34.401200  134.744050 -317.471050  264.263225  -11.854200  219.215475  -49.606150   -0.701850  105.240150   72.214600  121.055425   53.054400  107.231100   23.885425    2.996175  101.147900  165.238725    0.587100 -111.392125  -84.793425  -17.794850  -34.585450  -94.060175  -45.602600  -38.809775   -9.444000 -150.451000   75.679500  -92.434075    7.715475 -288.784400  127.093375  198.706600   26.102375 -109.203600  -11.747975  364.104925   12.466600   14.754675   -5.303250   56.952400   -1.478275  -11.041125    9.800300    2.693275   -0.187350 
 -35.770600  -19.859450   -1.570000   -0.079850  100.588500   58.876100    5.383200   40.716100  140.598700  114.794350 -179.761050  367.665100  -99.154600 -295.289450 -232.936850  174.361200 -391.242150 -165.182300  -32.880750 -249.677600 -146.342650   -5.410400   -6.150700  -55.607350   -5.012200  -29.027300   10.283350  -28.494650   25.916850   52.645250   -1.976200  -14.747600  -50.723500    6.245600  -20.530700    0.494600 -153.351750  -20.917900  -93.437000   54.055750  121.490400 -136.561450 -112.112150  123.445500 -188.705300  175.665650  -11.735850  -27.466000 -151.808850  123.243850    0.389500   11.831900  -27.809550  -64.806100    6.252050   26.841400  166.770750    6.041150   -8.669700  -86.568800  -92.217200    0.818900  -11.473150  -12.371250 -159.139300   -6.859100    7.275200  -16.891400  176.822750 -106.173650  -35.607650   60.246050  -84.490450   40.470450  -16.508900   26.250000 -265.839200   73.683500  -10.133850   27.093150  -91.567600  -28.007350   -6.627600   68.478950  138.950750   10.804300   -6.294050  -53.927500 -109.518550  -39.817200   -9.688100  -44.137650 -205.560000  -10.693200   67.334900  -94.707500  186.111600    4.012200   29.204400   -8.434800   -4.565250    5.186450  -29.115850   36.669250 -310.178600   12.342950  -28.025500    1.344050  -20.347350   -4.764000  -55.559300   38.149250   65.540900   30.942550    4.185650   13.262200 -104.003700   23.464950   13.639050  -21.398800  -83.930750   -7.689650   32.123000 -147.569600  163.067750 -114.837950    5.891350 -149.649250   53.302150  -28.758050  -27.488750   12.484250 -186.658000   40.633150  -23.192600    6.471450   40.688750   23.840000  -26.204500    0.738850   54.060250   39.796950   -0.809900   23.621600  -21.971400   40.869800   14.167350   14.973550   70.642750   72.521150   11.939400  -24.501100  122.315100  -59.419950    4.000400  -86.099450   23.006300   -8.235300  -27.139300  -13.700200  -29.816350   39.032200    3.246800    4.833650   19.247150   34.155200    8.469050    1.114800   56.326750   51.062350    4.170700   21.072900   24.540850   36.476200    6.666050    3.593000   57.092000   28.606000   22.232650    6.235550  122.242800   -0.359250 -101.014200    1.437750   42.423200   39.169450 -123.350350   -3.839200   -5.564850   33.406500    2.791200   -0.786950    5.624750    1.651400    6.381950    0.035700 
  25.702600   17.534700    6.695000   13.093100 -366.191000 -107.345600 -141.967200  -22.995600  186.719800 -483.275100 -350.016700  -99.154600 1506.621600 -473.065300 -177.729900  -73.190200   56.508900 -214.629200  -97.735500 -257.425400 -273.518100   22.483400   -7.052800 -120.101900 -274.748800   29.525800  -16.829100  -90.031100  275.959900   38.078500   26.260200   38.339600 -513.914000  -47.282600 -106.547800  -22.611600 -304.269500  -52.806600 -120.333000  -37.949500  533.476600  -62.948300  -38.146100   23.202000 -100.696200  298.400100  -32.660900  -24.704000 -221.702900  427.817900   37.238000  -62.217400  -65.740700  208.250600  -39.774300   74.125600  286.515500    4.917100   14.481200   31.839800 -413.898800   14.415600   87.444900  -15.207500 -295.977200   -0.071400  120.515800  -70.975600  284.158500 -106.302100 -135.568100   38.666700   26.255700  -29.185700  -47.470600   -2.150000 -263.546800   59.884000  -58.737900   10.705100  161.004600  -82.416900  -33.895400   41.503300  191.380500  -90.517800   14.141300  -40.655000    4.333300  -58.783800  102.927600  -38.008100   -5.740000  -97.467800  107.114600 -161.920000  371.601400 -104.656200  -71.852400  -53.619200   56.641500  -45.341700  -78.970900   59.899500 -321.459400    9.799300  -57.042000    7.458700   70.873100    5.219000   43.407800   35.854500  170.698600  -38.847300    7.460100   17.318800   87.085200 -138.107700    5.423700  -58.710200  -28.020500 -188.471100  -16.438000 -253.188400  234.383500 -214.159300  -42.832100 -212.179500  150.266100   40.470300  -62.522500   31.504500 -191.567000  136.405100   24.099600    2.218300   35.247500    8.560000   27.752000    1.147900  217.598500  -61.254700    9.010400   69.316400  109.059400  -30.450800   20.781900    6.191700   -7.606500  -78.862900  -18.772400 -101.629400  217.570400 -145.957300  -86.533400 -100.670300  235.285200   18.018800  -90.992200   -6.740800  -69.082900   56.753800  -19.437800    0.967100   11.741100  -14.429200   31.968700   -1.405800  174.374500   31.776900    2.572800   46.921600  125.170900  -33.675200   -4.473300   21.737000  -46.897000 -209.111000 -124.481900   -6.505300  274.106200 -189.754500 -346.851800   -3.576500  465.152800    4.890300 -173.353900   16.578200    9.248100    7.261000    3.424800    9.514700    8.331500   33.065600   25.850300   -0.172200 
-221.605800 -101.980725  -11.997500  -36.967925  318.479250   66.823550  151.285100  -17.708950  431.210350  802.645175  681.620475 -295.289450 -473.065300 1652.501775  367.973575   33.744100  278.444425  576.134850    1.954625  635.505700  121.549175   19.765300   -7.873850  142.985825 -132.017100  -36.482650  -12.800325   10.255675 -505.151075  -20.294875  -30.166600   -8.954300  581.190750   32.320800  120.158650   18.607800  786.279125  151.861550  232.209000   -3.777125 -356.817800  383.050775  167.231925 -162.859750  347.858350 -305.317675   30.474075  113.009500  319.037575 -269.650075  -34.275250  165.242950 -130.516275   61.098950  -35.559975   23.710200 -443.637125  174.772575   17.241650  125.066600  502.167900   24.131450  -30.893575   47.761875  485.663850   33.097450 -157.073900   67.842300 -413.536125  295.701175  122.699175 -124.885475  189.746275  -19.816275   33.556050  -15.192500  728.334400 -115.408250   11.917575   16.051075  120.055700  162.333325  -66.014300   63.895475 -322.322125   96.543650   18.766475  119.933750  194.164225   94.782900  -68.439550  125.286675  376.420000  140.847400 -207.123050  302.708750 -515.233700   84.202100  -38.153300   73.813600   62.354875  -13.348275   38.476575  -83.962875  854.260200  -83.317525    0.042250    8.108525  308.843325  -30.107000  -58.673650  -37.330375 -215.227550  -66.367225  -53.755175  -14.940400   85.894650   97.533475  -33.821475   85.809100  114.542125  241.038175  -43.741000  469.962200 -474.583625  466.982525  -14.098825  467.447875 -128.954425   34.921975   67.615625    1.579625  451.058500 -141.683925   13.145700   13.341725   57.131875   55.617500   95.977750    4.077425 -127.227375  -55.405525  -31.914450  -72.096200  -57.695200   11.086400  -47.435825  -36.866725  -82.981125  -10.407425  -37.260800   86.026450 -379.419450  230.381525   18.152200  178.631775 -129.635350  -39.556650  138.391350   56.776400   97.406325  -37.825400   58.619900    8.461325  -46.066925   39.801100   64.421025   -0.266100 -111.676625  -64.503325   -1.773650  -56.144050 -130.864075  -15.193400  -29.920475  -11.616000  -75.959000  192.815500  -10.189175    0.151775 -388.624600  171.142875  378.684400   -0.616125 -278.107400  -66.099275  363.671825    0.139400  -13.380425  -14.544250   10.531600    1.808025  -25.167625    1.192700   -0.518025    0.418850 
-132.181400  -69.948925  -11.667500  -19.396525 -163.454750  -72.952850  -38.096700  -16.260350 -157.428450 -276.349225  431.450675 -232.936850 -177.729900  367.973575  785.202975 -220.309700  420.356025  392.295050  144.072625  355.733100  324.217775 -126.070100  -12.357050  151.092225 -117.669300 -139.972450  -12.360725  -56.392725 -291.925475  -55.880875  -17.482800   -7.646900  -16.560250  -40.163600   23.970450   -8.372600  446.466125  -56.643850  268.462000  -30.830125  -89.882400  210.945575  283.113525 -118.286750  212.265550 -111.838275   86.074475    5.348500  351.599975 -191.472475   -9.978250   94.522350 -233.877075  -68.154650  -26.989175  -30.033400 -232.195125    6.254975   13.149450  142.342800  111.375700  -46.687150   17.387025  -12.833125  347.017050  -52.009150   68.386300   20.715900 -291.672125  219.998775  181.102775  -79.660675   87.007075   97.817925   50.289650  -21.097500  467.990200  -24.377250   31.299975   40.115475 -144.531900  101.969725  -67.786900  199.785675 -158.895125    3.835450   42.868675  150.138750  161.509425   46.750700   87.669850   51.090275  385.060000   -7.210800  -40.465650  150.058750 -384.032100  -47.590700  -12.333900  -10.636200   32.380875  -46.448075   34.526975  -56.379875  570.921600  -94.003325   -3.690750    1.496325  271.194725 -125.141000  -92.185450   85.627625   -4.424150 -120.748425   17.219225   13.201800  198.533450  -18.125325   35.746325   58.365300  276.305125   32.784775  -22.363000  310.112600 -272.184625  114.378325    0.913775  221.364875   14.198975  -22.569825   62.825625  -21.232375  358.580500 -127.924525   -7.421900    2.551925  254.786875  -39.532500  177.630750   -0.174975   78.566625  -86.097325    3.813150  -20.619600   81.048400  -28.163800   -9.342225   -9.626925  -18.252125   24.419975  -20.336400  126.782850 -231.071850  265.975325   -7.442400  210.768575 -108.846550   85.495550   91.589550   41.381200   49.593725  114.691800  111.976700   14.378725   25.891475  141.096300  152.043825    0.758700  -47.668625  -68.289725   -3.375450  -21.828650  -42.019475  -74.182200  -26.475675   -9.363000  -84.847000  -42.363500  -96.072775    6.533575 -159.306800   63.459875  155.850200   32.032875 -127.704200  -13.026075  285.450225   11.680200  -31.414025   -8.410250   35.472800   -1.475175   -9.896625    9.109100    0.330175   -0.217950 
-111.142200  -70.145900   -3.605000  -12.080700  269.217000   40.473200  104.153400    0.318200  357.089400  399.959700  221.399900  174.361200  -73.190200   33.744100 -220.309700  633.964400 -423.108300 -494.112600 -143.661500  133.208800 -393.894300 -146.064800  -29.018400 -159.010700 -200.651400 -105.337600   -9.452300 -114.958300 -255.885300  -54.859500  -11.774400  -26.506200  337.563000    2.082200   24.231600    7.935200  195.261500   28.475200  -46.214000   18.371500  -36.465200  -64.649900  -48.233300   95.451000  -83.118600   73.620300   -8.537700  144.993000 -252.543700  286.528700    3.839000   56.632800 -284.247100   21.001800  -18.427900   79.616800 -152.478500   63.806300  -17.241400   -8.655600  173.928600   24.531800  -48.935300   21.857500   -3.121600  108.490800  -18.097600    9.893200  -66.419500   56.768700   82.510700    8.825100   41.202100   19.922900    0.128200   81.735000  -65.595400  116.057000  -22.028700   99.660300 -124.076200   -9.945700  -70.591200  204.959900   42.031500   32.241600    8.793900   22.560000  -14.695100   10.753600  -42.962200   36.550700  -80.760000   64.351600   -7.911200   54.050000  -92.085800   33.761400   -0.652200   21.857400   86.409500  -37.105100  -50.907700   36.298500   24.116800  -30.632100  -57.081000   37.056100   66.259300  -24.063000  -40.701600   64.538500   15.140800   16.533100   -1.294700   31.771400  -24.274400   37.981900    3.281100   34.334400 -104.031500   55.626700   -4.544000   59.564800 -124.309500   60.272100   -3.236300   54.431500   23.468300   32.620900  -15.732500   56.548500   32.739000   -5.204700   -4.601200   32.834900    4.672500   61.080000   99.741000   10.558700  -30.779500   26.845900  -20.508800    6.144200   -2.321800   32.612600  -19.929300    7.005100  -23.529500   34.941300  -12.447200   15.451800 -112.928800   34.828100   -5.225200   -4.025900   20.265600  -20.618600   17.818400   37.357600   84.361300  -20.508600   45.006600   14.721300  -33.591700    8.512400   24.611100    2.842600  -53.281500   13.265700   -7.386600   -3.750200  -34.307300   51.304400   -0.774900    2.946000  -49.591000   61.582000    3.839300    3.044100 -123.496400  -11.673500  -58.560400   -4.149500   61.078400    5.815900   74.613300    5.094600   62.659300   -8.907000   33.944400   -0.660900   -7.525500  -10.213200   -3.119100    0.293400 
