 107.996400  355.303200   20.728400   13.956400  102.632400  196.557600   30.325600   17.231600  -92.180600  142.026600   11.755400   11.109000 -144.312000   76.456800   -8.449000  -14.767800  -23.164400  -25.749600  -17.890000   -3.987200   -4.716000  -72.380400  -17.647200   -0.216400   -3.617400  -18.565200   -3.029000   -1.228800  113.509400  -66.483400  -27.583200    7.081600   73.956800 -103.406800  -18.028000   10.527200  -15.872400  -31.999800  -22.900600   -6.411600  -49.498200  -65.744200  -37.338000   -7.855200   -7.509400 -126.702400  -15.100200    0.124800    8.893200  -68.081000    1.425800    2.352000    4.104000   -7.787000    7.241000    3.412400   86.351600 -223.404400  -14.072000   -3.894400   45.491200  -48.014600   -8.821200    7.415800  -91.086200   81.116400  -29.279600    6.127800  -33.851400   54.452600   -7.170200    8.802600   15.440400   40.160600   12.287800    6.436800   18.577000   14.103600   -0.081800    3.189200   -0.006200  -15.524600  -10.411800    0.427400   65.002400   91.165400   10.003600   10.016600  -23.317000   93.292800   13.164800    2.375000  -54.908800   34.773800   27.031800  -11.866000  -13.281600  -41.089600   28.058800  -18.860800   17.506400  -36.027600  -24.119800   -0.758600   12.070400  -41.782800  -40.143800    1.521400   -4.262000  -34.538000  -26.590000   -1.620800   34.054000   62.072000   13.397600    5.588000   35.816800   40.453200   33.127200   -2.696000    7.023200    0.847800   18.429000   -9.107200  -21.771000  -42.839600  -27.101600   -9.633800  -13.855400  -60.913200  -24.086600  -15.452400  -13.249000  -35.453200  -12.774800  -13.082600   -4.569400  -16.737200   -2.868800   -5.174200   86.462000   47.631800    8.615400    7.048000   55.383600   26.040000   -7.514000    9.336400  -18.936600   -0.428000  -56.526200    3.432400  -30.439400    0.657200  -46.025200    0.947000  -18.532800    9.633000  -11.551200   -4.795800  -17.859000   13.551200    7.517000  -17.327200    5.308800   37.431400   15.043000   -4.103200   45.209800   37.134800   -2.149600   14.720200  -14.077000   55.159400  -16.134200   35.593000  -54.892800   44.945600  -20.927400   -0.533000  -29.010600    4.607600   -3.133400  -25.915200   -5.517000  -22.103800    6.791600   -6.895200    5.585200  -56.761800    9.134000   -2.922600   -5.655200 -113.751400   -7.683600    1.652200 
 355.303200 3225.021600  160.544200  117.518200  385.581200 1772.718800  231.917800   99.745800 -293.467800 1088.170800  155.730200  162.362000 -921.636000  969.348400  -31.827000    0.928600 -283.672200  318.730200  -73.375000  -27.498600    2.002000 -366.445200  -90.013600    0.296800   12.938800 -142.577600  -21.932000   -6.014400  260.347200  215.700800 -196.806600  103.185800  598.543400 -319.928400 -172.799000   64.033600  305.063800 -236.372400 -160.447800  -20.800800 -217.736600 -525.529600 -337.249000  -47.017600  -89.852200 -1077.906200 -274.942600   -8.982600  -28.258400 -671.348000  -86.599600   -8.474000  -46.288000 -155.991000   -8.422000   -0.493800  210.125800 -2296.367200 -212.841000  -52.677200  526.685600 -681.729800  -44.515600    2.755400 -248.890600  305.553200 -176.094800  -16.208600 -245.273200  281.043800 -156.787600   37.653800   16.270200  172.307800   54.366400   60.708400   64.711000  141.971800   25.621600   24.689600  -13.620600   31.470200  -87.588400   22.701200  330.431200  415.060200   24.151800   21.250800 -102.896000  592.311400   14.722400   33.045000 -388.644400  342.674400  100.953400  -73.993000  -77.570800 -118.874800  197.719400  -83.805400  103.963200  -45.788800  -28.482400   53.153200   37.960200 -134.446400 -223.864400   39.078200  -14.601000 -117.129000 -131.975000    5.374600   66.852000  144.456000   -6.516200    7.519000  111.798400  116.781600   91.858600  -15.833000   58.381600  -55.908600  207.372000  -82.688600  -76.258000 -267.824800  -93.035800  -23.819400    8.599800 -326.576600 -140.845800   27.743800  -28.312000 -236.541600  -80.042400  -81.938800  -52.807200 -168.198600  -36.444400  -59.884600  200.346000  118.673400  -26.784800   11.449000  376.906800  122.800000  -10.497000   44.078200  110.139200    4.081000 -255.035600   62.546200 -142.162200  -65.966400 -295.407600   66.211000  -52.561400  -44.946000  -90.930600    4.849600 -156.727000  -92.604400   -4.729000 -134.373600  -47.125600  -82.911800   23.884000  -75.346600   18.132400    6.032400  -15.934800   -2.782400 -106.386000   -2.982800 -104.299600  141.754000 -198.426400  -47.167200 -137.281200  118.116000 -165.722800  -61.331200  -66.604200   55.057400  -33.406000 -117.864400  -23.509200   66.472400  -37.412400 -255.583400   44.562000   11.526200  -94.782600 -651.743200  111.243200   79.828600 
  20.728400  160.544200   33.259775    2.337775   45.303150  109.066850   33.068600    6.685850  -33.646725   89.106475   21.377400    9.852750  -91.667625   84.105175    5.887250   -0.651800  -27.248275   33.990525    0.081875   -2.353825   -4.571000  -28.409900   -7.111950   -0.953400   -6.531275  -10.282450   -1.120875    0.103450   27.690150   13.482100   16.051425    0.905225   43.434550  -62.424550   -1.858000    4.316950   29.258725  -43.218175  -12.669225   -2.080225  -12.911075  -58.273325  -25.364875   -4.910575   -8.185150 -105.383775  -14.809325   -0.712450   -4.789550  -60.841625   -5.326450    0.832625   -6.265375  -15.015750   -1.534000    0.830025   20.415850 -149.240150  -14.512625   -2.590775   47.917200  -74.415725  -14.294075   -1.392700   -2.317200   -9.437225  -27.763850   -1.096325   -7.119650   15.822475   -5.256200    6.854975   12.026150   19.637975   18.739300    9.592675   19.092000   19.726600    7.703575    6.152075    2.377175  -19.231975   -9.507050    3.965650   17.548150    5.328025   -1.126525    2.985850    4.592375    8.381175   -3.091200    0.603750  -18.649050   -1.275325    9.598300  -14.534125   -3.203975  -17.211350   18.619050   -5.785425   18.849025   -8.239975   -8.716925   14.586525   10.456150  -27.066175  -27.215925   10.405900    1.626750  -38.856750  -12.601250    1.210200    7.763375    4.727000    1.611225    1.665500   16.055800    2.459825    6.669450    0.544625    7.685450  -22.158200   12.375250   -7.986950   -2.744750  -30.290100   -5.768975   -7.479675   -8.961775  -34.639200  -10.716475   -3.500650   -7.889625  -26.636075   -7.599425   -7.753725    0.177975   -7.980075    1.577200   -3.100200   20.465125    7.626425    1.479275    1.262375   15.962225    3.115000   -4.561500    2.054025    5.735400   -5.091125  -29.319075    2.771900   -2.198900   -3.873050  -19.390575    1.748875  -10.999925   -3.981375   -0.508450  -10.091050  -18.907125   -5.525300    5.678875  -16.006950    3.079050   18.257150   10.316750   -3.927950    8.413800    6.051925   -1.416350    6.173075  -19.827625   -1.824850   -9.330200    6.116125  -19.429300  -21.111400  -12.683775  -10.484875   -2.982975  -38.841900   -1.606650   -2.113075   -1.560125  -42.842800    4.770850    5.803175   -2.709425  -49.747050   11.325250   -0.223725   11.897550  -56.092150   16.368400   -1.298050 
  13.956400  117.518200    2.337775   15.265775   22.641150   58.238850    9.415600    4.912850  -15.513725   38.488475    5.305400   11.457750  -42.462625   14.726175   -5.662750    2.542200  -14.126275  -20.911475   -7.568125   -1.237825   -0.931000  -20.527900   -4.295950   -0.121400    2.930725   -5.856450   -1.010875   -0.832550    6.983150  -36.800900  -10.292575   16.457225   24.725550  -23.860550   -5.193000    2.980950    5.170725   -7.784175   -6.336225   -0.467225  -13.860075  -18.347325  -11.814875   -0.769575   -3.053150  -43.721775   -4.408325   -0.221450    3.514450  -23.061625    1.434550   -0.302375    2.939625   -7.995750   -1.199000   -0.111975   21.662850  -69.538150   -4.022625   -1.783775   13.731200  -17.562725    3.196925   -0.356700  -23.821200   22.905775   -1.655850   -2.915325  -10.062650   19.209475   -5.645200    3.271975    2.359150    0.184975    3.880300    2.883675    2.382000   -5.516400    8.347575   -0.998925    0.188175   -8.228975   -2.698050    0.798650   21.186150   29.361025    3.205475    1.392850   -4.547625   30.847175    6.634800   -0.216250  -19.155050   10.960675   13.034300   -6.634125   -3.770975   -6.563350    7.680050   -4.951425    8.892025  -15.016975   -4.392925    2.354525    3.059150  -20.167175   -5.641925   -1.136100   -5.198250  -16.281750   -3.746250   -0.270800    5.008375   14.227000    0.863225    1.480500    7.381800    6.488825    9.198450   -1.185375   -3.520550   -1.952200   11.010250   -3.185950   -7.159750  -19.402100   -2.320975   -3.480675    2.615225  -19.078200   -4.853475   -0.433650    1.470375  -12.045075   -3.840425    0.394275   -4.410025  -10.224075   -3.038800   -1.114200    7.640125    2.117425   -2.042725    0.642375   17.209225    0.145000    0.693500    1.202025    0.728400   -2.511125   -7.323075    2.124900   -6.376900   -5.759050   -7.299575    2.063875   -7.085925   -8.421375   -4.147450   -0.622050   -6.352125   -2.651300   -1.356125   -1.300950   -0.384950    1.305150   -0.068250   -1.726950   -0.955200   -6.617075   -0.868350   -2.152925    1.622375   -6.541850   -3.529200    7.826125   -5.845300    2.830600   -3.371775    5.055125   -6.594975    5.440100   -0.094650   -0.657075   -2.660125   -2.153800   -0.167150   -0.045825   -1.840425   -4.633050   -2.564750    0.589275    2.008550   -8.695150   -3.833600    9.005950 
 102.632400  385.581200   45.303150   22.641150  875.635900  215.694100  121.744600   58.773100  506.884150  334.264350  -27.723600  149.126500 -813.953250  244.832550 -105.986500  -53.044800 -355.674150  -23.027350  -55.226250  -35.996450  -40.346000 -189.316400  -45.582700    2.992600  -44.217150  -93.105700  -13.617750   -3.283300  126.932900  138.080600    9.005050   45.156850  354.131300 -477.091300   -9.653000   52.437700  129.842850 -313.270550  -95.265850   -4.841850 -295.259950  157.616550 -165.086750  -25.411950  -66.977900 -258.827150  -41.509450  -13.765700    9.488700 -174.757250    5.325300    9.133250   33.250250   32.835500   24.376000   14.959650  146.848100 -324.587900  -38.893250    9.660850  339.389200 -233.634850  -68.342950   30.052800  -55.989200   67.506150 -196.291100   11.288550 -176.414900  235.730350 -106.413200   34.565350   32.543900   94.573350   61.679800   40.317550   88.937000   91.142600  174.489950   10.690950   60.794550  -64.787350   64.163700   20.815900  115.390900   35.632650    0.386350   15.663100   94.091750   71.088550  -18.273200   -3.622500  -90.698300   55.614550   45.433800  -69.407250   -1.589350  -24.151100   83.378300  -35.584050   82.268650 -155.825350  -17.183050   41.058650  117.028900 -292.003550  -28.197050   21.412400  -36.839500 -370.245500  -58.617500   -6.912800   31.127750   24.507000   -5.012150   12.478000   57.248800    2.952450   54.522700    4.250250    6.798700  -65.880200  155.346500  -36.352700  -10.418500 -211.948600   78.740650  -45.834550  138.814850 -240.506200  -41.854350    9.719100  138.639750 -238.924950  -71.333050   15.372150  -17.481650 -139.613950  -49.925800  -12.597200   55.528250   18.625050    1.805150   -6.573250   77.643850  -11.405000   30.096000   -9.171350   21.709400  -85.079250  -16.157950   -7.981600   -4.085400 -111.077300  -34.681950  -12.754250   70.488950 -104.295750  -10.776700  -10.945300   43.854750  -88.660800   -9.729250  -14.287700   -4.551700   -4.565100  -17.524500  -12.238700   33.996800   61.393050   10.878900   15.376950  -30.883250  -18.262100  -16.892200   48.189250  -60.084800  -43.795400  -27.172150   46.973250  -22.588350    1.596600   -1.531900  -25.281950    4.936750  -17.760800   10.153100  -34.884450   14.166950  -99.276300   22.941500  -15.122850   38.019300 -173.949900   11.927400   23.882700 
 196.557600 1772.718800  109.066850   58.238850  215.694100 1247.175900  143.925400   55.716900 -198.294150  797.665650  100.018600   83.958500 -541.126750  651.702450    0.906500   -4.230200 -138.080850  365.642350  -57.163750   -5.183550    9.131000 -200.013600  -72.797300    2.562400   -3.302850 -117.424300  -18.907250   -5.251700  140.422100  -59.240600 -100.960050   44.123150  314.273700 -168.488700  -94.547000   29.487300  220.477150 -128.614450  -95.694150   -5.973150  -55.705050 -391.566550 -204.303250  -29.423050  -56.672100 -779.272850 -204.980550  -10.514300  -35.418700 -474.287750  -81.205300   -8.268250  -34.505250 -118.760500  -15.296000   -2.119650  104.381900 -1523.762100 -145.526750  -37.460850  247.810800 -498.275150  -58.687050   -5.202800 -118.970800  139.183850 -138.293900   -0.403550 -114.590100  134.044650 -107.276800   43.244650   24.971100  117.841650   56.470200   42.962450   56.848000  144.192400   27.795050   19.644050    8.225450    4.047350  -66.083700    9.254100  194.529100  309.432350   25.908650   10.236900 -107.876750  384.851450   -7.991800   16.032500 -225.521700  197.830450   42.641200  -30.292750  -53.770650  -87.048900  120.396700  -44.630950   78.441350   -3.134650   -5.391950   32.726350   31.731100 -111.331450 -168.782950   28.082600  -10.405500 -182.049500 -110.092500   -1.707200   75.352250  194.533000   33.732150    6.192000   86.606200  162.207550  101.197300  -12.925250   43.211300   24.680200   94.538500  -53.082300  -17.316500 -177.191400 -126.870650  -12.900450    7.005150 -249.833800 -117.785650   -4.739100  -61.604750 -211.020050  -70.206950 -100.012150  -45.813350 -160.111050  -22.609200  -62.877800  268.761750  266.039950   55.134850   27.128250  202.156150  163.490000    2.739000   35.711350  -12.249400   33.129250 -260.057050   38.176600  -77.349600  -45.747700 -239.478050   41.234250  -39.383950  -47.809250  -52.043300  -20.314700 -132.549750 -115.484200    2.379250 -120.262300  -56.803300 -100.509900   14.629500  -69.936300  184.768200  304.231950    9.181100   84.953050 -146.901750  259.717100  -80.647800   86.440750 -231.960200  114.525400 -114.017850  -18.808250 -123.721650  -51.541600  -43.503100   10.031950  -25.761750  -93.209200  -14.868100   56.344450  -38.666950 -151.908700   29.203500    2.142850   -4.119300 -337.350100  109.362600   13.387300 
  30.325600  231.917800   33.068600    9.415600  121.744600  143.925400   91.862400    8.356400    0.647600  172.841400   67.051600   24.121000 -234.883000  199.447200    9.109000    2.428800  -77.297600   57.921600    7.290000   -7.398800   -8.199000  -55.821600  -12.448800   -5.870600  -10.689600   -7.715800   -0.601000    1.124800   49.577600   10.976400   22.502200    6.161400  109.612200 -150.847200   24.113000   10.818800   50.230400 -112.664200  -10.242400   -6.221400  -54.577800  -92.406800  -54.087000  -10.960800  -19.907600 -224.424600  -33.425800   -7.810800  -10.567200 -120.789000   -9.691800   -0.592000   -8.174000  -11.508000    1.804000    0.849600   50.741400 -225.932600  -13.538000   -3.847600  112.374800 -126.938400  -20.949800    4.498200  -24.334800   16.815600  -61.458400    4.551200  -37.285600   61.160400  -28.910800   16.510400   18.891600   26.467400   28.741200   16.452200   32.928000   38.769400   48.502800    7.481800   11.985200   -1.693400    3.747800    1.929600   51.709600   33.671600    2.724400    4.526400    7.397000   15.851200   -4.105800    0.750000  -64.175200    3.715200   17.757200  -22.084000   -7.436400   -9.458400   30.425200   -5.623200   43.765600  -34.610400   -9.199200   23.025600   48.131600  -90.051200  -15.325200    9.035600   -5.113000  -91.062000  -16.880000   -4.768200   15.121000   30.343000    0.920400    2.772000   29.217200  -19.177200   12.498800   -0.484000   -9.847200  -66.438800   29.711000  -15.273800   -8.694000  -85.163400    6.833600  -16.950200   26.098400  -79.532800   -8.411400  -10.204600   26.604000  -71.177800  -14.804200  -17.830400   -8.107600  -29.053800   -4.080200  -11.216800    5.763000   -7.052800   -7.343400    0.092000   24.259400  -20.400000  -18.971000    2.915600   22.898600  -32.392000  -48.034800    8.584600   25.267400  -17.766200  -17.625800    6.123000   10.463800  -10.688000    5.735200  -14.378200   -8.796000  -14.205200   14.708000  -20.868800    5.650200   44.055600   28.747000  -10.492800  -20.885800  -30.910800   -3.853400   -4.729200  -36.773000  -64.867400  -16.731800   -6.653000  -12.046200 -113.417600  -17.839600   -4.277000   14.612600 -102.514600    2.391400   19.834200    3.812000  -75.910200   13.736400   15.654200    0.455800 -105.262200   28.701000    0.674600    3.289200 -164.195600   28.000600    1.223800 
  17.231600   99.745800    6.685850    4.912850   58.773100   55.716900    8.356400   14.407900   -9.660150   41.791650   -0.987400   18.058500  -65.061750   37.535450   -0.853500   -6.188200  -16.294850    8.296350   -3.123750   -2.195550   -4.644000  -16.042600   -4.729300    1.458400   -3.221850  -11.381300   -1.582250    0.055300   10.311100  -16.524600   -6.912050    5.654150   35.141700  -41.051700   -4.827000    7.024300   10.798150  -19.952450   -8.615150   -0.539150  -22.777050  -12.758550  -16.673250   -2.795050   -5.026100  -43.591850   -7.427550   -1.316300    0.088300  -20.682750    0.712700    0.201750    1.569750   -2.505500   -0.006000    1.364350   17.862900  -71.931100   -4.866750   -0.464850   27.562800  -25.316150   -1.174050    1.955200  -18.612800   13.002850  -11.614900   -0.945550  -16.094100   18.495650   -9.228800    1.415650    3.835100   12.777650    6.748200    1.190450    7.813000   11.568400   14.647050    0.381050    3.198450   -6.848650   -4.291700    3.043100   15.378100   22.421350    2.329650    1.187900    1.223250   25.864450    3.251200    1.472500  -11.924700   14.268450   11.349200   -6.497750   -2.531650   -6.354900   12.029700   -6.798950    4.250350  -11.605650   -3.169950    2.510350   10.130100  -24.139450   -9.880950    6.911600   -2.095500  -22.709500  -11.847500    1.239800    5.672250   16.883000    2.973150    0.967000    5.794200   15.919550   11.154300    0.389750    5.638300    3.723200   17.543500   -3.579300   -1.351500  -22.192400   -2.421650   -3.713450   -5.328850  -18.560800   -9.001650    2.541900    8.240250   -8.997050   -7.464950    8.621850    2.332650   -6.743050   -4.157200    0.890200   17.826750   12.242950    2.648850    0.918250   13.112150    7.625000    4.489000    1.690350   -1.745400   -4.425750  -12.334050    0.740600   -4.298600  -13.310700  -14.305050   -0.040750   -9.136950  -14.244250   -6.100300   -1.717700   -3.914750   -2.487200   -2.605750   -1.929300   -0.245300   -1.380900   -3.795500   -0.228300   13.071200   18.869950    0.210100    4.795050   -9.526750   12.906100   -4.929800    9.960750  -14.308200    6.996400   -7.046850    4.641750   -5.482650    6.819400   -2.677100   -4.110050   -1.696750    0.487800    0.562900   -2.582550   -1.334950   -5.096700    0.943500   -0.943150    4.373700    5.475900   -0.613400    4.934300 
 -92.180600 -293.467800  -33.646725  -15.513725  506.884150 -198.294150    0.647600   -9.660150 2412.906775  -30.892025  -74.656600  155.197750 -108.585125 -213.335325 -441.697750  -48.828800 -984.426775 -403.895975 -302.070625 -157.444325 -150.316000 -386.365900 -107.994950  -48.584400  -85.369775 -189.885450  -23.738375  -20.008550  -35.748850  788.181100    6.580925   10.331725  116.231550  148.358450  -30.608000   16.199950  443.620225 -264.252675  -88.295725   52.863275 -176.321575  871.551175 -231.007375   12.588925 -106.176150  482.127725  -56.549825  -26.810450   26.918450  -85.174125  -26.259450  -13.989875    0.807125  -82.910750  -20.314000   -9.571475 -109.995150  131.588850  -56.795125    8.815725  152.735200 -124.197225 -142.429575   43.704300  322.679800 -113.118725 -248.532850   55.353175 -165.185650  180.728975 -205.804200    2.376475   -3.452850   41.889475   73.916300    4.807175   44.882000  -26.774400  185.209075  -20.357425   14.606675 -142.413475   60.565950  -14.693350 -101.395850 -166.418475  -33.770025   -9.880150   21.719875  -95.009325 -120.454200   -4.226250  -51.741050  171.634175 -137.024700   47.223375   28.894525  257.714650   34.031050   26.110075   90.382525  -24.696475  142.523575   25.280025   69.757150 -308.010675   24.704575   -8.038100  -14.473250 -377.991750  -16.666250  -18.476800  -90.734125 -169.218000  -78.877275  -14.989500  -63.912200 -189.494675  -52.607550  -13.857875  -30.296550  -78.331200  212.145250  -42.704950   36.895250 -130.379100  194.874525  -34.594175  300.319725 -227.952200  -23.962975   87.953350  251.812875 -326.336575  -43.873925  -36.710225   -6.750525 -155.680575  -32.444800  -55.593200 -186.112375 -177.354075  -51.637225  -37.945125   70.693725  -29.965000  140.653500  -13.297475  103.541400  -82.458625  194.965425  -14.907100  -28.649900 -166.265050   10.738925  -26.318625  193.345575  -99.438875   30.133550   37.156950  209.240375 -137.257300  -19.393625  -15.429950  -48.728950 -197.581850  -72.328250  -65.085950 -133.894200 -145.913575   20.889650  -53.406425  120.294875 -153.263850   43.091800   54.253625   -6.536300   25.787600   21.422725  206.157625 -148.304475  152.612100  -13.857650   46.281425    7.542375   66.010200  -23.940150  -25.167325   39.006075  113.445950  -75.424750  -16.365225   66.209550   53.556850   -8.295600    1.409950 
 142.026600 1088.170800   89.106475   38.488475  334.264350  797.665650  172.841400   41.791650  -30.892025  877.404775   92.472600   57.299750 -562.736125  763.366075  -13.854750  -20.968200 -181.912975  305.093225  -42.555625   -5.549925    6.581000 -162.935100  -58.805550   -3.111600   -1.399975  -72.475050  -10.585375   -3.360950  128.282350  -72.782100  -35.922675   23.608525  299.072950 -347.867950  -25.142000   22.630550  171.575025 -178.268075  -94.309525  -15.513525  -63.440175 -280.075425 -204.281375  -26.610675  -39.777350 -743.782475 -140.334425  -23.680050  -15.292950 -405.237125  -35.866050   -8.748875   -9.760875  -55.841750   10.579000    1.213725  112.681650 -1035.597350 -110.516125  -22.705475  256.092800 -395.483025  -82.722175    0.142700 -111.032800  134.378475 -183.358650   -8.842425  -88.222850  163.638775  -84.158800   45.831275   62.446350   95.423275   89.305700   41.913575   95.473000  125.933400  106.547675   23.409175   30.149075  -46.329275  -27.400450    4.316850  133.654350  165.625725    0.862775   11.376650  -38.246125  244.215075  -21.718800    5.528750 -186.023450  130.176575   45.986700  -60.399625  -21.422275  -47.836150  113.878450  -40.263325  112.174725  -36.271275   -3.566825   40.392225   95.371350 -183.495075 -125.002825   29.189100  -15.414250 -326.475750 -120.931250  -12.065200   67.612875  126.728000   25.752525    0.294500   91.559200   90.963925   91.723050   -1.380875    4.902050   -3.776800   67.632250  -42.890550   13.107250 -161.844900  -91.392275  -29.861575   69.185525 -251.120800  -97.979775  -25.031850  -16.579125 -232.405175  -68.914325 -103.320025  -44.181725 -137.681175  -17.962200  -64.114800  241.818625  194.647325   50.461975   15.608875  149.641525   78.360000   -4.603500   16.214725  -18.210400  -10.322625 -243.877175   30.198100   -1.466100  -50.219450 -187.225675   28.067375   20.206175  -48.279875  -15.279050  -38.116450 -102.781625  -95.319700   34.502375 -112.765550  -43.491550   15.840350   55.980750  -65.724550  183.946200  263.496825    9.833850   73.548175 -105.546125  247.452350  -54.239800   47.497625 -237.200700   99.331400  -86.012475  -74.521375  -85.188275 -124.678100   -9.415850    3.106825   -2.398625 -179.412200   26.026650   48.698075  -21.194325 -237.435450   41.282250   -3.310025    3.079950 -407.930350   76.256600   17.080550 
  11.755400  155.730200   21.377400    5.305400  -27.723600  100.018600   67.051600   -0.987400  -74.656600   92.472600  139.604400   -4.286000  -76.552000  175.014800   86.296000   13.389200  -43.743400   64.354400    8.570000   -2.194200  -23.081000  -47.599400  -18.749200  -10.670400  -16.431400  -20.852200   -2.214000    0.293200   25.853400    0.792600   27.529800   -5.967400   62.934800  -51.899800   34.377000    5.089200   38.168600  -77.727800   27.878400   -2.657600  -31.610200  -78.746200  -20.493000   -3.752200  -16.198400 -158.341400  -33.242200   -7.157200   -9.154800 -108.396000  -21.031200   -2.668000  -18.356000  -57.077000  -11.229000   -4.473600   33.827600 -175.633400    1.958000  -10.033400   73.308200 -100.860600   -2.858200    7.363800  -39.793200   14.445400  -33.955600   13.275800  -45.895400   43.883600  -28.482200   19.303600    5.709400   11.356600    6.240800   18.104800   15.302000    1.299600   11.430200    7.406200   -1.393200  -19.595600   -5.684800   -2.383600   38.821400   36.774400    3.884600   -0.022400    0.633000    7.090800    4.132800    1.825000  -84.266800   11.241800   16.894800   -0.731000  -28.267600   37.464400   27.326800    7.731200   27.030400   21.081400   -5.687800   27.530400   32.414400  -53.480800    7.063200    3.670400   -7.287000  -72.603000   -4.360000   -2.018800    7.359000   26.372000   -0.691400    0.068000   23.009800  -29.644800    8.384200   -4.316000  -22.894800  -60.309200   27.924000  -11.439200  -24.276000  -42.660600   17.647400   -9.556800   17.325600  -34.035200    5.377400  -11.711400   31.331000  -70.895200   -1.467800  -28.263600  -13.803400  -46.884200    1.558200  -14.576200  -27.738000  -26.055200  -10.435600    1.088000   18.559600  -15.375000  -12.184000   11.545400   12.072400    3.177000  -23.253200   19.741400    2.796600   11.619200    0.547800    9.102000   14.389200    5.053000    6.301800  -11.998800    8.116000   -1.096800   13.207000  -20.214200   -1.158200   60.930400   41.648000  -13.630200  -44.732200  -62.222200   -3.495600  -14.132800  -20.607000  -85.671600   -8.851200   -3.577000   -3.575800 -108.083400   -6.471400    3.377000    1.353400  -94.356400    5.432600   18.282800   -2.347000  -90.296800   15.787600   18.487800   -2.547800 -118.144800   38.604000    2.351400  -16.972200 -137.210400   43.720400   -2.325800 
  11.109000  162.362000    9.852750   11.457750  149.126500   83.958500   24.121000   18.058500  155.197750   57.299750   -4.286000  106.417500 -197.781250   38.186750  -46.542500   48.037000 -138.132750  -16.054750  -37.286250  -14.303250  -24.620000  -61.134000  -22.174500   -2.904000  -12.662750  -30.899500   -3.893750    0.434500   -1.993500   43.586000    0.909250   20.467250   67.220500  -49.770500   -9.315000    9.014500   68.042250  -65.911750  -15.127250    5.107750  -41.450750   33.926750  -40.243750   -1.680750  -21.091500  -58.797750  -21.813250   -4.524500    5.009500  -76.601250   -4.349500   -0.678750   -1.933750  -29.807500   -1.370000    2.690250    3.488500 -161.551500  -10.441250    1.407250   60.617000  -85.167250   -6.780750   -1.432000   14.763000  -17.077250  -15.853500  -12.728250  -23.561500   29.619750  -20.302000    1.739750    7.936500   12.439750   21.998000    6.716750   27.685000   -9.879000   43.125750    2.460750   -4.638250  -64.504750   -3.620500    7.611500   28.991500   29.315250    8.999750    3.638500   22.748750   48.231750   15.673000    0.387500  -23.300500   35.621750   28.768000  -18.611250  -11.469750    7.786500   38.005500  -12.889250   19.145250  -37.604750   17.625750   14.060250   19.256500 -100.731750  -13.184250    8.759000  -16.252500  -99.812500  -13.897500   -0.248000    8.953750   20.240000    4.842250    3.795000    9.738000   32.253250   18.274500    2.981250   -1.560500   -0.322000   41.667500   -8.209500   -2.537500  -63.051000   34.365250   -8.301750   20.097250  -68.017000    3.180250   21.268500   21.918750  -59.155750  -18.699250   17.467750   -1.085250  -17.890750   -6.348000    5.223000    2.746250    2.019250    1.152750    1.013750    9.137250  -10.880000    2.510000   -1.079750   14.509000  -40.626250    6.454250   -3.436000    1.561000  -42.940500   20.034250   -6.661250    0.625750  -36.803750    7.655500    4.724500   13.638750  -18.133000   -8.056250    8.405500   -5.979500    4.046500   -3.487500   -1.149500   -7.747000   -9.765750   -0.358500    7.185750  -28.516250  -38.083500   -8.022000    5.216250   12.532000  -52.684000   -4.172750   28.361250   -0.699750    8.126000    0.373500   11.954250    1.848750    3.202000   10.598500  -11.088250    8.660750  -32.565500   12.207500   -8.532250   -9.819500  -79.241500   22.799000   16.029500 
-144.312000 -921.636000  -91.667625  -42.462625 -813.953250 -541.126750 -234.883000  -65.061750 -108.585125 -562.736125  -76.552000 -197.781250 1825.919375 -634.564625    8.541250   -3.571000  335.345125 -397.483875 -169.638125  -22.499625 -164.800000   76.064500  -23.237750  -15.103000   12.545125   13.474750    0.598125    2.305250 -167.128250    7.174500  -12.818375  -71.367375 -461.880250  627.130250  -23.360000  -65.472250 -119.579875  392.379625  124.842375    8.007375  402.724125   90.032875  170.348125   50.816625   71.503250  808.632625   20.982875   24.829750   17.135250  458.014375   -6.950250    1.325625   -1.024375  -52.343750  -38.100000  -12.711375 -198.676750  751.818250   48.334375   -5.382375 -415.491000  413.594875   60.519125  -32.011500  167.081000  -37.642625  223.586750  -12.932125  163.830750 -228.736125   70.071000  -39.983625  -55.803250 -103.118625 -136.106500  -57.167125 -108.925000  -88.583000 -202.126625  -33.029125  -60.019625   25.808625   -9.042250  -25.475750 -236.323250 -233.571375  -31.131125  -25.156750  -45.085625 -152.924625  -14.634000  -11.221250  177.422750   29.032875 -116.201500  104.456875   51.763625  180.404250 -150.352750   67.198375 -117.491375  191.978625   36.110875  -77.333875 -164.923250  335.714625  129.490875  -46.099500   -8.066250  307.621250   98.338750    4.614000  -98.570625 -155.375000  -11.637375  -20.857500 -140.939000  -60.785375  -96.349750  -10.969375  -42.344750  127.276000 -165.203750   33.507250   60.746250  304.390500  -18.196375   25.232125  -45.682375  337.131000   79.461125  -38.134250 -110.335625  241.599125   67.348375   25.414875  -20.228625   24.099125    2.794000   36.646000 -145.611875  -59.538375   13.384875   -3.450625 -121.757375   16.910000   11.327500  -23.006375  -43.632000  121.266875  132.999125  -31.074500  -15.940500  129.197750   93.126625  -12.003125  -20.014125   60.210625   21.669750   25.817750   18.431875   63.491500  -29.988125   70.172250   -7.012750  -75.778250  -79.146250   46.822250  -14.234000   -6.990875    2.964250  -14.314125  118.789375   38.566750   43.306000  -27.391875   96.056500  223.167000   48.132625   -3.631875  -61.061375  222.389500  -11.104250  -50.000875  -14.883125  111.754000  -36.776750   30.805375   -1.121625  254.957750  -85.338750   38.984875   46.109750  606.373250 -128.342000  -32.537250 
  76.456800  969.348400   84.105175   14.726175  244.832550  651.702450  199.447200   37.535450 -213.335325  763.366075  175.014800   38.186750 -634.564625 1347.780975  120.128250    4.726400 -134.789675  865.932925   59.741875   38.337975   67.278000  -49.767300  -30.435150    8.568200    3.059325  -63.933650   -7.364875   -2.964350   70.261550    4.971700   17.497225    1.354825  322.410350 -365.840350   38.199000   37.165150  114.304325 -240.261975  -38.682825  -31.504825 -147.050275 -381.878525 -203.347875  -31.576775  -53.771550 -801.683175 -164.130525  -24.238650  -49.120350 -420.612625  -44.791650  -14.510375  -28.806375  -11.277750   30.542000    3.969425  105.210450 -921.126550  -49.319625  -24.007175  299.499400 -362.268325  -49.026275    8.667100 -132.989400  127.611175 -222.876450   17.920475 -115.018050  165.078075 -114.882400   55.815575   28.888550   78.476575   87.776100   52.828475   67.744000  142.618200  168.897775   20.432275   39.034975   59.545425   40.777150    7.865050  179.162550  203.055425   13.595075   10.910450  -56.649625  201.707975  -29.232400    5.573750 -204.796850  125.962475   44.394100  -74.805125   -9.398575    6.231050   60.096850  -26.620225  122.712425  -23.900575   -1.170725   66.709925  104.418550 -186.397975  -61.498725   24.759300  -25.785250 -300.139750  -75.681250  -13.399600   54.862375  135.099000   15.351825    5.313500   75.781600   69.769025   70.937650    1.688625    7.119650  -20.146400   83.779250  -42.420150    4.109250 -131.747700  -65.503575  -19.287475   96.640825 -177.683400 -101.656075    0.284950   47.546375 -197.585275  -55.283225  -88.354325  -61.648425 -129.588275  -45.005600  -59.500400  125.892125   97.612225   23.551675   12.670375  168.513825   41.520000  -22.290500    8.112425   44.970800   30.100875 -193.171275   45.266300    0.179700   -2.794850 -148.741775   43.280875   26.088275   11.806625   -0.035650  -41.840850  -93.396125  -44.948100   32.580875 -111.325150  -62.688150   65.440550   72.084750  -56.942150   99.352600  128.260725    4.141050   35.309275  -16.249625  161.711550  -41.260400   21.919125 -160.836100   53.617200  -67.673175  -37.742875  -75.251575  -77.636300   -8.567050   14.620725   -3.742125 -154.210600   39.170450   26.986975  -39.368225 -286.632850   79.084250   -4.189325  -28.943650 -525.410550  120.456800   30.805150 
  -8.449000  -31.827000    5.887250   -5.662750 -105.986500    0.906500    9.109000   -0.853500 -441.697750  -13.854750   86.296000  -46.542500    8.541250  120.128250  272.367500  -21.367000  213.012750  165.819750  145.196250   19.168250   18.320000   36.559000    8.989500   -0.686000   -5.522250    6.639500    0.538750    4.165500  -22.951500  -92.406000   35.925750  -19.737250  -30.665500  -14.139500   32.355000    0.350500  -28.787250   21.476750   62.922250   -4.172750   42.570750 -181.126750   85.188750    0.175750    3.661500 -143.017250    8.193250   -1.820500  -18.134500  -55.688750  -18.600500   -1.966250  -22.481250  -64.062500  -15.710000   -4.525250   -9.518500   -2.663500   32.566250  -11.547250   -7.427000  -12.017750   38.755750   -2.038000  -24.723000   -6.642750   56.568500   -0.266750  -12.063500  -42.619750   35.137000   -0.829750   -2.811500   -4.859750  -14.238000   11.468250    4.345000  -11.001000  -65.005750   18.159250  -20.016750  -62.105250  -48.104500   -0.391500   12.213500    0.249750   10.340250   -3.778500   22.871250  -38.486750   27.767000   -3.072500    6.030500  -54.426750   27.662000   -3.973750  -28.705250  -12.466500   15.294500   14.664250   -1.415250   38.624750   -6.595750    8.419750   15.653500   43.496750    7.909250   -1.089000   -0.697500  -23.467500  -15.842500    1.528000   17.341250   20.245000    5.857750    0.715000   32.827000  -12.368250  -12.499500    0.613750    8.865500  -34.468000  -38.587500   10.414500    6.452500   36.646000  -15.310250   17.706750  -47.972250   62.837000   22.564750  -12.158500  -35.963750   30.200750   15.704250    3.227250    4.960250   -2.559250   24.073000   -0.023000  -18.911250  -26.679250  -18.357750    0.206250    7.002750  -33.820000  -43.870000    6.459750   14.731000   18.606250  -17.604250   20.246000    5.039000   37.615500   13.540750    8.281250  -21.400750   -8.971250    2.429500  -10.989500  -36.073750   10.083000   22.061250   14.144500    4.329500   39.328500   65.167500    4.794500  -48.328000  -60.074250   -9.606500  -21.415750    7.926250  -77.821500   -3.623000  -25.206250   29.413000 -110.851000    2.567750    4.653750   26.744750  -71.041000    2.436500   13.205750    0.196250  -55.622000   17.601500   17.053250   -7.510750 -113.674500   58.727500    8.177250  -26.960500 -161.293500   71.541000  -21.834500 
 -14.767800    0.928600   -0.651800    2.542200  -53.044800   -4.230200    2.428800   -6.188200  -48.828800  -20.968200   13.389200   48.037000   -3.571000    4.726400  -21.367000  134.145600  -52.591200  -12.835800  -33.585000   45.064400  -30.328000   18.325800  -11.070600    1.212800    3.384800   17.835400    1.803000    4.717600  -21.893800    0.381800   12.876400    6.126800  -14.058600   42.483600    2.476000   -3.459400  -13.330200   -6.135400   10.231200   -0.736800   10.606400  -60.076600   14.736000    4.495400    0.898800  -22.135200    0.815400    4.415400    5.583600  -25.208000   -2.141600    0.806000   -0.073000  -15.286000   -2.272000    3.230200  -18.193200  -33.526200    4.484000    2.423800  -23.397400   -7.965800    5.732400   -5.801600   -9.522600  -36.192800   19.759200   -6.910600   39.282800  -33.675200   22.520400   -0.675200    4.544200  -24.731200   14.024400   -1.678600   -0.704000  -22.362200   11.893600   -1.323400    6.562400   29.504200   17.363600    7.330200   13.605200   21.909200   13.082800    2.616800   -8.301000   -7.475600   16.045400    2.810000  -10.922400  -17.547600   18.191400   -1.843000  -11.126800    5.159200   14.587400   -2.313400   -7.232800   -2.789800    5.094600    8.097200    0.149200  -39.324400    3.407600    6.607200   -4.451000   -8.544000   21.755000    1.111600    5.202000   13.911000    8.674800    4.259000   -1.153600   32.983600   19.585600    5.462000  -18.666400    9.734400   16.772000    1.154400  -40.128000  -20.610800   27.243200   -1.582400  -22.739200  -10.078600    8.403200    1.289800   11.738000   -4.403600   -8.720400   15.225200    2.863800    9.609400   -3.837400   15.513400   -7.874000    0.486400   12.444200    2.879000  -15.352200   -2.940000   14.763000   -3.382800  -23.871800   -9.639000   27.447400   -2.509800  -23.306200    5.645600   48.355400   -4.614000  -12.354400   15.229000   20.502400   -2.083400   14.603000   32.637600   -0.199000    6.264400    3.997400   68.037200    8.254000    8.331400   21.275400    1.695400    2.489200   10.209600   -0.871000   15.751200    7.733400    5.274000   11.830600   17.388800   18.209800   -4.404000   -7.268800   34.359800   19.556800  -22.274600   -1.046000   -8.397400   28.206800  -17.064600    3.599600  -51.776400   24.187000   -3.379800  -12.139600  -87.827200   -2.937800   12.310600 
