1732.697500 1966.149250  151.574250   89.686500  135.023750 1232.677500   40.001500   25.436750 -239.208000  845.259500  -91.576500   32.344500 -320.348750  438.717000 -129.545750   54.684500 -143.353250   50.693000  -52.937500   33.228750  -72.192000 -166.905000   -2.404750   26.493250 -230.568250 -213.975750   -2.635000   13.814500  450.113500  361.639000 -107.584750   82.654250 -245.228000    9.565000 -197.905750   10.163250 -226.654250  -32.181250 -188.202250    8.463250 -110.529750 -115.881250 -104.343250   28.582750   -8.298750  -74.756000  -25.305250   49.044000  -47.476500   60.313000   -4.988500   40.200500 -145.177500   79.999750    9.368750   75.450500 -367.923500 -1032.897750 -365.944750  -20.973500 -161.403000 -486.456250 -279.386000    4.054750 -131.213000 -319.652500 -148.482000    0.943000  -28.004250 -105.609500  -25.426250    0.698000   -0.907250   29.681000   -2.015250    4.328000  -88.818500   70.446750    6.152000   10.311250   -6.320500   90.847500   27.135750   65.145750 -233.719500 -688.614000 -179.232000  -35.320000  -32.445750 -159.215000 -108.410250    6.424000    8.906750    8.145250  -14.906000    0.000000   12.282000   18.927250    5.588750    0.000000   -5.599250    1.207000    5.512750    0.000000  -74.161250  -15.661000   29.054750   -0.777500  101.302750  -20.776750   19.130500    8.564000  -49.887500 -104.933000  -18.964000   -2.324000   16.600500   27.455000  -11.078750    5.337750    4.579000   20.962750    2.321750    0.000000    4.988000   10.840000    6.893000    0.000000    1.776750   12.498500  -15.339250    0.000000  -23.114000  -27.229500  -20.533000    0.000000  154.904750 -116.629000    2.499750   -0.127000   -6.836250  -14.982750    0.678500   -0.263500    5.630750    8.942500    7.741750    0.000000   14.278750   65.234000   16.982250    0.216500   14.586750  101.788000  -29.125000   -0.099250    8.307750   72.657000 -120.291250   -0.212000   15.194250  -27.048000  -50.461250    0.000000  139.746000   42.940000   63.667500    0.000000    9.655750   63.896000   14.299750   -0.112000   93.736500   60.854000   35.674750   21.778250   70.455250  282.635750    8.784750   33.354750 -102.750500  354.477250 -115.343250   35.152000  -70.597750  323.190750 -115.215500   14.931000   78.539250  161.931500   32.051750   -0.457500   85.214750   57.163250   43.009500    0.000000 
1966.149250 3787.226975  237.160475   84.759550  307.267125 2517.355750  120.439050   38.683725 -316.988100 1879.588650 -115.931050   58.444150 -512.996125 1062.285900 -222.253025  119.563150 -283.645275  311.076100 -116.087750  100.949625 -211.044900  -99.205500  -16.199825   71.037275 -435.070275 -149.956025   -4.844500   54.088650  437.990450 1118.313800 -178.820325   97.377475 -435.880600  108.798000 -325.906025   16.623775 -471.699975  -94.890375 -361.659575   12.343775 -234.180825 -218.342375 -205.494275   54.588425  -23.543125 -134.425700  -51.431675   91.048300  -48.347050  125.611600   -5.871950   70.884350  -47.404250  211.140325   25.200125  105.625850 -971.631950 -1835.391425 -685.154825  -89.587450 -322.867600 -974.712875 -534.624700    6.043825 -265.598600 -664.345250 -302.776400    1.786100 -118.801975 -316.918150  -88.537375    1.111100  -23.768075 -121.198800  -13.523675    1.681100 -109.282950  -52.765775   22.309400   -3.561625  136.567650  121.690250   93.232025   -7.503975 -636.884650 -1412.617800 -339.206900 -106.841500 -103.567525 -417.285000 -222.167675   -0.851700  -43.167275 -123.847325  -68.224200    0.000000  -11.914100  -23.814925   -4.106375    0.000000   -3.378975    2.512900   37.164425    0.000000  -85.258875   19.496300   99.272825   -2.365750   32.800425   25.398275   56.352850   -3.400200 -127.618750 -254.443600  -39.903800  -19.185800  -15.374150  -51.247500  -32.367625   -0.195575    2.773800   -1.226575    8.984225    0.000000   16.813100   47.750000   47.005600    0.000000   15.085225   70.350450   54.210525    0.000000  -33.059300   25.350350  -25.602600    0.000000  100.865825 -141.832300  -33.989675   -0.048900   -3.651375  -17.194925    3.269950   -0.484450   13.546525   41.922750   24.294225    0.000000   40.149125  153.052300   63.418075    0.445550   59.638725  195.307100   32.434000    0.470525    6.317925  134.570900 -166.254875   -0.098900   32.909475  -25.491100 -149.104875    0.000000  169.355200   54.594500   22.651750    0.000000   58.756525  180.680700   38.519825    3.156600  216.419550  181.509300  103.511325   45.130275  219.346175  636.331525   87.155825   57.501825 -169.937350  625.337075 -119.925275   -5.850600 -136.691925  406.425025 -246.953350   -2.564800   81.822475  215.850050  -11.595775   -0.302250  103.729325   45.287275   39.604650    0.000000 
 151.574250  237.160475   45.493975    1.652550   61.129625  240.885750   29.437050    1.502225  -24.084100  217.747650   -1.334050    3.153150  -65.428625  146.549900  -24.584525    9.187150  -25.731775   57.597100  -14.332750   10.582125   -9.558900    5.434500   -1.639325   11.213775  -36.651775   -4.952525   -0.514500    3.027650   81.167450  123.551800   31.700175    3.035975  -37.356600    3.423000  -14.032525   -0.309725  -48.733475  -15.152875  -34.204075    1.125275  -29.410325  -22.709875  -24.175775    3.993925   -5.800625  -16.712700   -6.532175    7.751300   -8.270050    3.487600   -0.713950   14.660350    2.730750   29.244825    2.987625   17.251850  -72.333950 -143.531925  -47.439325   -7.099450  -33.498600 -110.785375  -49.276700   -0.511675  -30.779600  -84.160250  -32.985400   -0.067900  -13.610475  -45.277150   -9.854875    0.012100   -4.642575  -21.876800   -2.029175    0.852100  -12.124950  -17.467275   -0.201600    2.465875   11.886650    9.470250   12.833525    5.722525  -62.023650 -141.445800  -34.465900  -10.306500  -10.114025  -43.850000  -22.953175    0.091300   -3.683775  -11.806825   -6.726200    0.000000   -0.685100   -2.120425   -1.353875    0.000000   -1.172475   -2.353100   -1.735075    0.000000    1.243625   -3.995700    8.607325   -0.380750    0.680925    3.519775   11.408850   -0.967200  -12.948750  -26.194600   -4.161800   -1.783800   -0.838150   -4.097500   -3.290125    0.139925   -0.453200   -1.556075   -1.202275    0.000000   -0.980900   -3.295000   -1.013400    0.000000    0.338725   -1.097550    7.247025    0.000000    2.292700   -3.563650   17.496400    0.000000   -3.924675  -17.920300    4.999825    0.017100   -1.483875   -2.990425   -0.243050   -0.051450   -0.141975   -0.902250   -0.552275    0.000000   -0.233375    5.195300   -3.232425    0.098550    0.817225    4.488100    7.714000    0.152025   -2.811575    2.789900   21.097625    0.002100   -6.042025  -10.712100    3.737625    0.000000    3.217200   -9.760500    5.541750    0.000000   -0.936975   -2.212300   -0.580675    0.002600    7.062550    1.042300   -2.699175    0.611775   18.526675   41.663025   -0.759675    4.876325    4.871650   61.791575   13.198225    4.933400  -22.992425   25.211525   -4.379350    0.612200   -1.064025   13.063050   -3.057275   -0.017250    9.288825    2.648775    3.078650    0.000000 
  89.686500   84.759550    1.652550   16.393900   -3.671750   46.663500   -0.220100    0.996050  -10.264800   27.871700   -4.005900    0.930700  -13.175250   15.922200   -3.660450    0.667700   -9.740950   11.668800   -0.774500    0.373250   -4.159200   -2.739000   -0.509850    4.216950   -4.640950  -15.509450   -0.081000    5.206700   -3.333900    4.435400  -11.433850   12.283550  -11.824800    9.094000   -9.779450    0.688950  -10.398550    5.718250   -5.540350    0.063950   -3.512850    2.067250   -2.317950    0.368650   -0.406250   -3.500600   -0.292150    1.191400    0.676100   -1.732200   -0.148100    6.457300   -6.756500   -7.836150    0.202250   11.039300  -29.533100  -50.322650  -15.834850   -1.087100   -7.320800  -13.616750  -10.687600    0.466850   -4.338800   -6.649500   -4.486200    0.143800   -1.859550   -2.027700   -1.227750   -0.006200   -0.773350   -0.705400   -0.053150    0.053800   -1.656100   -1.329950    1.270200    1.170750   -4.386300   -2.500500    0.802450    8.069450  -12.419700  -27.512400   -6.010200   -2.187000   -2.001450   -7.650000   -3.900150   -0.048600   -0.856950   -2.189850   -1.263600    0.000000   -0.227800   -0.500650   -0.004750    0.000000   -0.055550   -0.481800    0.911650    0.000000   -0.754750   -2.774600    0.868850    0.041500   -1.070350   -7.100050    4.925300    0.013400   -2.227500   -4.438800   -0.680400   -0.356400   -0.380700   -1.215000   -0.587250   -0.028350    0.020400   -0.426350    0.280050    0.000000    0.614800    0.385000    0.664800    0.000000   -1.366950   -1.893900   -1.279550    0.000000   -0.664400   -8.014700    2.889200    0.000000    2.967850   -9.733400    4.148850   -0.016200   -0.384750   -0.700650    0.127100   -0.008100   -0.106550    0.109500    0.840050    0.000000   -0.515750    1.343400    1.893350   -0.008100   -2.063950    0.591800   -1.823000   -0.044550   -3.695350   -4.842800   -1.942750   -0.016200   -2.670450  -11.143800    9.757250    0.000000    3.461600   -5.449000    6.011500    0.000000    0.433450    6.540600    1.544850   -0.097200    3.423900    3.239400    3.911850    1.080950   -6.901850   -2.331550   -1.787150    0.910850   -3.786300   -0.624650   -8.420950    2.295200    3.443350   11.276450    5.525700    1.861600    3.843550   -0.167100    9.495050   -0.040500   -1.754150   -1.418050    2.134700    0.000000 
 135.023750  307.267125   61.129625   -3.671750  318.074375  460.376250  101.870750    0.608375   73.148500  580.799750   29.239250    4.392250 -144.679375  441.378500  -62.512875   20.722250  -53.956625  173.381500  -52.476250   32.771875    4.046500   -8.397500   -9.984875   16.956625 -149.701625  -56.302875   -2.517500  -25.375250  253.021750  422.297000  128.507625    0.314625   22.931000   81.345000   35.092125   -1.855875  -93.437125   -3.058125  -79.251125    3.019125  -90.524875  -11.668125  -79.056625    8.338875    0.805625   -9.120500  -24.897625   20.419500   19.209250   30.564000   -4.089250   40.765250  -28.923750  110.152375    0.424375   35.152750  -20.854250  -80.343875  -37.069875  -21.991750  -53.759000 -208.325625 -105.165500   -1.965125  -88.864000 -211.438750 -114.116000   -0.078500  -52.792125 -140.487250  -44.118125    0.221500  -11.863625  -73.602000  -11.147625    3.696500   -4.539250  -34.824125   -9.319000   13.293125   74.119750   16.568750   -0.377125   19.802875 -171.449750 -357.372000  -94.808500  -35.027500  -35.465375 -168.265000  -86.552625   -1.455500  -24.616625  -69.427375  -36.128000    0.000000   -8.411500  -20.051375   -9.018125    0.000000   -7.127125  -14.616500  -20.326125    0.000000   16.284375  -14.095500  -14.710125    0.208750  114.248875   -6.918375   16.372750    0.302000  -60.196250 -118.249000  -19.592000  -10.927000  -10.872250  -35.887500  -17.046875   -0.881125   -3.263000  -15.046125   -6.034125    0.000000   -8.118500  -17.335000  -20.006000    0.000000   -2.434125   -8.538250  -28.424625    0.000000   37.100500   16.045250   21.976000    0.000000   73.404875    3.895500   32.552375    0.076500   -7.258125  -14.421375   -1.340750   -0.251750   -2.214625   -8.013750   -4.359125    0.000000   -6.270625  -13.985500  -23.601375    0.028250   -1.006625  -24.548500  -28.670000    0.275375   26.561375    9.903500   35.579375    0.116500   38.529625   24.618500   23.704375    0.000000   47.698000   13.592500   11.136250    0.000000   -4.469625  -16.944500   -4.275125    0.169000  -35.481750  -26.240500  -20.492625   -2.593375  -33.709875  -16.449625  -42.030125   -1.805125   64.969750   70.383625   39.148375    0.181000   54.153625   31.882875   33.764750   -1.052000   43.239625   30.595750    1.670875    0.231250   34.787375    9.561625    8.884750    0.000000 
1232.677500 2517.355750  240.885750   46.663500  460.376250 2336.917500  200.993500   23.443250  -89.307000 2096.660500  -18.173500   41.030500 -457.691250 1396.123000 -200.784250  101.075500 -248.791750  605.152000 -142.247500  118.716250 -121.053000   83.560000  -25.765250   90.406750 -397.356750  -44.434250   -6.165000   30.540500  595.226500 1289.231000  134.149750   41.160750 -251.502000  223.050000 -146.484250    6.031750 -437.695750   21.471250 -324.302750   11.031750 -273.585250  -73.808750 -230.351750   42.757250  -37.701250  -30.949000  -68.449750   89.866000  -12.408500  189.417000  -10.171500  111.034500   30.812500  337.090250   20.526250  158.529500 -622.626500 -1157.462250 -438.975250  -89.916500 -273.417000 -876.563750 -469.634000   -1.384750 -283.487000 -688.127500 -338.623000    0.312000 -148.935750 -387.915500 -117.273750    0.907000  -33.957750 -186.466000  -23.399750    5.157000  -81.096500  -79.966750    8.003000   15.418750  210.745500  132.162500   91.234250   37.689250 -635.750500 -1333.216000 -334.478000 -114.180000 -114.804250 -484.945000 -252.264750   -3.639000  -63.571750 -178.375250  -92.699000    0.000000  -20.927000  -44.612250  -14.618750    0.000000   -4.995750  -12.442000   10.717250    0.000000  -25.143750    8.011000   69.270250   -1.592500  104.697250    4.061750   65.809500   -2.369000 -159.022500 -316.697000  -50.206000  -27.126000  -27.075500  -86.605000  -43.036250   -2.157750   -2.749000  -23.607750   -1.146750    0.000000   -1.313000    9.050000   18.752000    0.000000    4.438250   15.631500   54.104250    0.000000   -2.201000   19.899500   60.678000    0.000000   70.125250 -102.781000   33.240250    0.487000  -11.703750  -28.632250    0.816500   -0.616500    7.054250   20.262500   12.198250    0.000000   17.796250   91.621000   22.307750    0.533500   20.013250  101.777000   44.545000    0.894250   -5.922750   94.498000   19.976250    0.047000   11.930750  -29.127000  -23.858750    0.000000   92.684000    6.830000   40.662500    0.000000   34.719250  109.934000   22.505250    2.432000  122.258500  113.046000   52.585250   28.546750  142.114750  415.264250   51.295250   41.945250    3.270500  433.492750   19.263250    0.728000  -93.277250  234.694250 -129.749500    2.484000   42.320750  132.948500  -15.291750    1.037500   76.095250   22.766750   27.780500    0.000000 
  40.001500  120.439050   29.437050   -0.220100  101.870750  200.993500   52.785900   -0.809450   21.663200  261.804700   22.833100    0.643700  -60.992750  219.395200  -22.200950   12.940700  -21.651450  105.930800  -19.429500   23.510750   -1.497200   18.631000   -3.831350   20.007450  -52.046450  -13.869950   -0.871000    3.409700   71.220100  166.471400   68.584650    1.903050   -7.701800   26.499000   26.895050   -1.210550  -45.758050  -14.689250  -23.781850    0.909450  -38.689350  -21.235250  -29.718450    4.307150   -7.963750  -18.779600   -9.820650   15.482400    0.215100    2.234800   -1.672100   32.454300   -1.976500   37.215350    1.524750   29.776300  -52.407100  -65.216150   -4.081350   -8.236100  -32.797800 -106.534250  -37.546600   -0.896650  -38.510800 -101.579500  -41.509200   -0.104200  -21.439050  -66.555700  -16.195250    0.020800   -8.154850  -39.846400   -3.566650    2.780800   -4.620100  -24.215450   -0.516800    9.268250   17.171700    7.144500   11.347950   11.939950  -74.472700 -152.823400  -33.683200  -13.757000  -14.676950  -65.020000  -31.013650   -0.517600   -8.842450  -25.116350  -12.767600    0.000000   -2.944800   -6.444150   -2.412250    0.000000   -1.370050   -2.968800   -1.699850    0.000000   12.212750    2.356400    7.350350   -0.228500   -0.571850    5.255450   19.962300    0.139400  -21.002500  -42.105800   -6.761400   -3.832400   -3.693700  -12.120000   -5.849750   -0.304850   -0.803600   -3.647850   -0.725450    0.000000   -2.293200   -2.190000   -0.568200    0.000000   -1.422450   -1.449900   11.545950    0.000000    8.069600    5.912300   35.107200    0.000000  -26.235650   -1.374400   15.070350    0.045800   -1.337250   -3.394150   -0.083900   -0.087100   -0.296050    1.249500    0.419550    0.000000   -1.548250    1.189400   -1.410150    0.002900   -3.004450   -5.896200   12.272000    0.075950   -6.931850   -3.639800   56.849750    0.035800  -13.100950   -6.870800   30.344750    0.000000  -25.654400  -18.599000   -0.913500    0.000000    5.468950    6.874600    0.966350    0.674800   -6.215100    1.970400    0.353350   -0.773550    3.471650    4.543950   -1.255650    1.647350   31.456700   17.071850   46.903550    3.478200  -14.575150  -29.313050   31.238700   -0.764400  -25.456950  -24.026100   -5.590450   -0.025500   -7.142650  -13.722550   -3.277300    0.000000 
  25.436750   38.683725    1.502225    0.996050    0.608375   23.443250   -0.809450    1.567975   -3.266100   14.438150   -2.537550    1.793650   -0.722375    4.867900   -1.346275    1.757650   -1.586025   -1.410900   -0.515250    0.255875   -3.386900   -5.170500   -0.052075   -0.206975   -6.171025   -4.199275   -0.029500   -0.151850    0.053950    3.127800   -3.102575    0.864225   -3.443600   -0.262000   -3.609275    0.549525   -2.736725    0.970875   -2.954325    0.604525    0.601925    0.108875   -0.765025    1.178675    2.375625    1.103300    0.030575    1.812300    0.801450    4.204600    0.089550    0.424850   -3.411750    3.242575    0.096375    0.001350   -9.055450  -19.491675   -5.177075   -0.665950   -2.360600   -9.086625   -3.845700    0.196075   -1.536600   -5.177750   -1.883400    0.054100   -0.508725   -2.797650   -0.476125    0.044100    0.247175   -1.082800   -0.091425    0.249100   -0.671450    1.933475    0.416400    0.327125   -1.247850    3.257750    1.005275    0.314275   -4.324150   -9.501800   -2.158900   -0.796500   -0.680775   -2.730000   -1.390425   -0.017700   -0.303025   -0.759575   -0.460200    0.000000   -0.112100   -0.195175   -0.020125    0.000000    0.039275   -0.010100    0.404675    0.000000   -1.217625    0.360300    1.265075   -0.028250   -0.114325   -0.090975    0.053350    0.568800   -0.811250   -1.616600   -0.247800   -0.129800   -0.138650   -0.442500   -0.213875   -0.010325    0.042800   -0.096325    0.093475    0.000000    0.056100    0.315000    0.388600    0.000000   -0.070525    0.098950    1.123775    0.000000   -1.383300    1.075850   -0.325600    0.000000    1.173075    0.373700   -0.342425   -0.005900   -0.140125   -0.255175    0.033450   -0.002950    0.149775    0.170250    0.228475    0.000000    0.230375    1.711300    0.792825   -0.002950    1.217975    3.065100   -0.001000   -0.016225    1.718175    3.612900   -1.383625   -0.005900    0.671225    2.715900   -1.208625    0.000000    0.131200    1.129500   -1.400750    0.000000    0.064775    1.871700    0.447075   -0.035400    3.246050    2.088300    1.448575    0.616025    3.003925   10.504775    1.598075    1.084075    0.792150    9.786825   -0.731025   -0.433600    0.067825    3.938275   -2.318850   -0.188800   -1.480775    0.316550   -2.351525   -0.014750    0.016575    0.078025   -0.210850    0.000000 
-239.208000 -316.988100  -24.084100  -10.264800   73.148500  -89.307000   21.663200   -3.266100  335.853600  100.150600   94.553800    4.372600  124.705500  273.614600   27.941900    6.023600  -22.157100  229.888400  -32.106000   18.693500   75.894400   35.758000  -12.862300   24.780100 -104.422100  -73.075100   -3.528000  -22.699400   55.554800  162.752200   74.930700    2.753900  135.833600  179.467000  110.954900   -2.128900   73.121100  101.633500   43.928700    0.636100    6.948700   55.690500  -13.858100    3.020700   13.672500   57.464200  -16.448700   14.385200   78.374800   71.250400   -5.905800   46.676400  -18.172000  140.124300   -5.104500   42.952400  130.714200  337.852300  122.072700    1.942200   31.315600   66.633500   44.928200   -1.396700  -18.728400  -44.881000  -35.366600   -0.256600  -26.141900  -88.568600  -29.969500   -0.001600  -16.235300  -67.707200  -11.916700    3.703400   15.130200  -17.819100  -12.741400   22.068500  108.531600   54.976000  -14.435900   49.970100   -9.594600   -3.458200    7.021400  -22.046000  -10.631100  -78.230000  -39.862700   -1.319800  -16.880100  -58.317300  -28.729800    0.000000   -9.515400  -24.251700  -10.750500    0.000000   -8.134900  -20.227400  -25.050300    0.000000   26.919500   -2.317800  -24.815700    1.342000  158.463700   15.894100   18.080400    8.991200  -35.135000  -67.878400  -13.892200  -12.000200   -8.452600  -35.925000  -14.685500   -0.810300   -3.547800  -20.344300   -7.454100    0.000000  -12.923600  -22.675000  -24.418600    0.000000   -9.015100  -16.610200  -21.231900    0.000000   60.220800   36.390400   52.250600    0.000000   37.401300   97.093800   64.434300    0.128400   -8.420500  -18.511700   -1.887200   -0.355800   -2.807900  -14.884000   -6.194100    0.000000   -7.213500  -23.778800  -24.399700    0.074200   -7.191100  -25.902600  -23.229000    0.558100   31.893700   11.289600  102.445500    0.223400   23.231900   53.016600  109.525500    0.000000  -54.371200   31.933000   14.872000    0.000000  -15.857900  -37.599200   -7.632700   -1.199600  -29.229800  -46.335800  -28.376700   -0.617900  -15.903300  -77.202900  -45.373700   -1.784700  138.261600  -10.768700   78.787900    8.208600  108.625300  -34.883900  143.032600    7.323800  -21.366100  -63.657800   22.840900    0.901000  -52.199700  -44.064900  -16.840400    0.000000 
 845.259500 1879.588650  217.747650   27.871700  580.799750 2096.660500  261.804700   14.438150  100.150600 2307.335100   71.152300   25.537100 -413.825750 1787.096600 -175.106350   91.208100 -213.172850  917.761400 -158.078500  148.389750  -43.767600  254.858000  -37.104550  126.800850 -386.197850   -6.143350   -9.673000   31.290100  576.553300 1427.536200  287.258450   22.465650  -60.049400  418.967000   22.466650    1.511850 -365.340650  100.854750 -263.411050    8.096850 -321.713550   -8.878250 -255.798850   34.735950  -63.513750   16.463200  -91.171450  101.029200   37.538300  210.378400  -17.309300  167.981900  106.730500  405.046550   16.171750  208.117900 -487.069300 -677.077950 -215.069550  -98.706300 -237.247400 -793.410250 -395.597800   -4.229450 -307.081400 -745.303500 -375.453600   -0.333600 -177.273650 -485.683100 -146.428250    0.651400  -51.380050 -267.486200  -33.744450   10.746400  -52.708300 -114.819850    0.125600   36.197250  326.706100  155.673500   86.647350   70.948350 -632.724100 -1275.102200 -302.580600 -134.881000 -128.954350 -562.525000 -290.990450   -4.910800  -83.855850 -233.109550 -123.765800    0.000000  -29.808400  -65.586950  -22.284250    0.000000   -7.516650  -21.205400   -2.475050    0.000000   24.900750   31.411200   48.996550   -1.565500  216.563950   61.819850   86.585900    1.525200 -202.737500 -394.611400  -66.141200  -38.969200  -36.972100 -123.190000  -59.091750   -2.970050   -6.178800  -38.464050   -4.394850    0.000000  -12.395600   -3.870000   14.639400    0.000000   -2.285850    7.898300   68.996350    0.000000   52.076800   76.815900  131.847600    0.000000   48.318550    0.904800   76.916550    0.391400  -17.259250  -42.451950   -0.113700   -0.974300    4.130350   19.008500   10.960150    0.000000    6.407750   69.615200   13.240050    0.315700    5.238150   50.665400   67.011000    0.266350   -4.656050   72.306600  187.451750   -0.103600    1.868650    3.233600   95.556750    0.000000   -0.115200  -13.432000   34.419500    0.000000   48.985350  112.086800   21.374550    4.498400   64.671700   90.423200   44.255550   16.577850  107.039450  275.705350   32.228550   27.227550  135.321100  353.556050  172.002150    2.890600  -50.179950   90.074350   49.212100    0.204800  -40.424350   22.193700  -10.534850    0.588500   27.442550  -13.279150   13.594100    0.000000 
 -91.576500 -115.931050   -1.334050   -4.005900   29.239250  -18.173500   22.833100   -2.537550   94.553800   71.152300   48.017900   -2.916700   16.932750  145.561800   11.918950    2.676300  -15.290550  117.922200  -13.160500   17.884250   18.845200   36.264000   -5.229650   20.544550  -32.710550  -19.552050   -1.169000    4.157300   -2.679100   70.592600   52.329350    0.109950   31.623800   52.746000   57.057950   -1.477450    8.400050   12.939250   22.150850   -0.692450  -11.376650   -6.184750   -6.483550   -0.323150   -9.851250   -5.851400   -7.783350   11.011600   15.480900    0.503200   -2.648900   31.588700    4.436500   31.635650   -0.089750   27.521700   -4.458900   79.677150   61.755350   -1.094900   -5.800200  -11.525750   22.100600   -0.507350  -15.762200  -44.540500  -11.002800   -0.092800  -12.888950  -49.671300  -10.819750   -0.082800   -9.211150  -41.032600   -3.582350    2.877200    4.829100  -21.696550   -1.071200   10.656750   21.605300   19.400500    7.589050   17.587050  -20.344300  -26.885600    7.281200   -7.943000   -6.825050  -37.155000  -11.080350   -0.513400   -6.419550  -22.129650   -9.248400    0.000000   -3.228200   -7.709850   -2.672750    0.000000   -1.137950   -3.844200   -1.861150    0.000000   18.672250    8.767600    5.235650   -0.096500    5.415850   22.736550   21.060700    2.109600  -12.872500  -24.052200   -3.882600   -3.666600   -2.768300  -11.395000   -4.245250   -0.311150   -0.817400   -4.463150   -0.686550    0.000000   -3.383800   -2.825000    0.346200    0.000000   -1.649550   -0.739100   14.961050    0.000000   18.981400   13.740700   41.664800    0.000000  -38.508350   26.740400   19.785650    0.022200   -0.347750   -2.574850   -0.200100   -0.118900    0.018050    1.500500    0.008450    0.000000   -0.361750    0.409600   -1.018850    0.021100   -4.237550   -5.010800   16.343000    0.236050   -4.764150   -3.858200   75.390250    0.102200  -17.961050    3.247800   50.820250    0.000000  -53.134600  -15.756000   -4.416500    0.000000    6.143050   -1.513600   -0.965350    0.873200   -4.350900   -1.781400   -3.152350   -1.294450    9.952350   -8.376950   -1.248350   -0.736350   48.945300   -6.370850   58.399450    5.493800   -4.138850  -59.674950   62.628300    1.795400  -45.845050  -56.004900   -0.826550    0.145500  -30.201350  -26.490450   -9.585700    0.000000 
  32.344500   58.444150    3.153150    0.930700    4.392250   41.030500    0.643700    1.793650    4.372600   25.537100   -2.916700    5.869100    6.521750    4.803600   -2.280850    5.530100    3.632650  -14.890600   -0.163500    0.637250   -6.984600  -21.237000    0.266950   -1.619650  -21.117350  -14.207850   -0.053000   -4.012900    2.489300    3.190200   -0.115050    1.001150   -4.722400   -3.218000   -2.997850    0.421350   -4.676150   -0.622750   -4.824550    1.756350    5.207950   -0.410750   -0.863350    3.912450    9.068750    4.702200    1.032050    4.028200    3.109300   12.096400    0.674700    2.139900  -15.984500   15.660050    0.324250    0.625900  -11.655300  -29.329450   -6.078050   -1.217300   -4.700400  -18.377750   -5.978800   -0.060950   -3.714400  -12.488500   -3.920600    0.024400   -1.499150   -5.195100   -1.205750    0.064400    0.291450    0.144800   -0.325950    0.534400   -1.624300    4.340650    0.282600    1.644750   -5.471900    8.703500    1.771850    2.732850   -7.956100  -17.541200   -3.902600   -1.431000   -1.318850   -5.300000   -2.521950   -0.031800   -0.580350   -1.688050   -0.826800    0.000000   -0.201400   -0.458450   -0.191750    0.000000   -0.512150   -0.538400   -0.283550    0.000000   -2.486750   -0.474800    2.475050    0.179500   -0.929550   -1.420650    2.708900    1.109200   -1.457500   -2.904400   -0.445200   -0.233200   -0.249100   -0.795000   -0.384250   -0.018550    0.005200   -0.292550   -0.149350    0.000000   -0.097600    0.000000   -0.782600    0.000000   -0.010350   -0.050700    1.295850    0.000000   -1.877200    2.023900    3.214600    0.000000   -2.767950    2.040800    2.370050   -0.010600   -0.251750   -0.458450   -0.047700   -0.005300    0.284850   -0.156500   -0.119350    0.000000    0.575250    2.434200   -0.256450   -0.005300    1.498650    5.393400   -0.729000   -0.029150    2.795450    5.838600    2.014250   -0.010600    0.699150    2.200600    0.469250    0.000000   -2.674200    0.788000   -1.960500    0.000000   -0.665150   -0.922200   -0.166950   -0.063600    7.920700    1.482200   -0.125950    2.012350    8.725950   18.879850    1.347050    2.851050    3.723100   17.494550   -0.167350   -0.607400    1.838550    5.398850   -2.695900   -0.339200   -2.323850   -0.152300   -3.804350   -0.026500   -0.918950   -1.179650   -0.878900    0.000000 
-320.348750 -512.996125  -65.428625  -13.175250 -144.679375 -457.691250  -60.992750   -0.722375  124.705500 -413.825750   16.932750    6.521750  459.714375 -286.449500  112.288875   13.861750  195.727625  -49.540500   43.986250    3.678125    9.159500   46.062500   -1.557125  -17.157625    7.697625   21.678875   -3.052500  -23.330750  -87.529750 -197.459000  -34.104625   -2.313625   88.598000   30.710000   48.003875    1.699875  157.796125   80.348125  106.274125    2.744875  150.247875   56.848125   89.357625    5.609125   83.319375   55.633500   25.599625    6.388500   68.377750   70.952000    3.477250   -3.044250   45.618750  103.429625   -2.464375  -18.461750  177.337250  343.560875  122.062875   32.614750   88.248000  252.895625  137.273500    2.552125   91.253000  202.593750  101.942000    0.354500   40.466125  102.308250   28.288125   -0.000500    9.751625   48.584000   -0.380375    3.579500   41.982250   52.475125   -2.187000   12.216875   62.119250   48.301250   -2.673875   38.991125  148.475750  361.569000   95.304500   25.552500   33.681375  116.560000   74.934625    1.018500   16.767625   20.540375   22.496000    0.000000   -2.619500   -6.541625   -2.191875    0.000000   -3.153875  -12.364500   -7.935875    0.000000   36.425625   10.218500   -3.487875    1.816250  100.139125   37.207375    4.088250   12.156000   36.911250   79.598000   16.914000    0.369000    5.163250    7.182500    8.731875    0.454125   -0.694000  -14.505875   -2.334875    0.000000   -6.005500  -16.355000   -8.068000    0.000000   -0.804875  -15.709750   14.063625    0.000000   41.311500   13.855750   21.723000    0.000000   60.107125   96.271500   21.634625    0.119500   -1.381875   -5.751625   -0.472250   -0.320250   -0.786375  -15.586250   -3.829875    0.000000   -3.504375  -18.336500   -6.461625   -0.260250    3.737625   -6.990500   -6.620000   -0.951375   34.351625   -3.344500   40.760625   -0.280500   52.296375   46.575500   62.885625    0.000000  -11.081000   44.567500    4.128750    0.000000  -21.281375  -30.513500   -5.457875   -1.973000    0.849750  -26.481500  -14.660375   -0.547625   15.937875  -43.761375  -18.992875   -3.922875   85.364250  -25.571625   23.672625   -6.612000  111.168375   37.751125  111.004250   -5.341000   25.861375   10.167250   25.995125   -0.451250  -35.805375  -10.967625  -17.430750    0.000000 
 438.717000 1062.285900  146.549900   15.922200  441.378500 1396.123000  219.395200    4.867900  273.614600 1787.096600  145.561800    4.803600 -286.449500 1780.355600  -79.389100   42.404600 -160.973100 1222.987400 -115.146000  123.108500   92.098400  560.568000  -34.580300  156.206100 -110.493100  167.533900  -11.898000   87.066600  382.272800 1137.264200  277.097700   21.462900   65.019600  480.722000  133.203900   -0.912900 -155.472900  192.918500 -105.294300    1.082100 -222.969300    7.980500 -170.134100   11.482700  -90.117500    8.551200  -82.025700   61.107200   99.777800  158.864400  -19.733800  167.325400  353.903000  354.392300   10.720500  229.356400 -329.343800 -206.359700   -8.415300  -75.775800 -136.208400 -516.141500 -204.999800   -4.413700 -223.602400 -606.996000 -260.792600   -0.527600 -146.860900 -483.594600 -118.994500   -0.027600  -68.033300 -329.789200  -32.553700    2.652400  -22.912800 -192.885100   -0.850400   16.388500  525.077600  116.266000   83.195100   55.061100 -449.685600 -837.500200 -165.754600 -116.411000  -94.562100 -443.090000 -202.854700   -4.122800  -67.581100 -204.190300  -97.347800    0.000000  -29.874400  -64.748700  -21.620500    0.000000   -4.313900  -22.686400   -4.188300    0.000000   68.124500   65.844200   47.047300   -3.988000  273.680700  146.045100  119.509400   -6.371800 -162.425000 -297.927400  -46.989200  -36.402200  -30.168600 -110.360000  -47.730500   -2.368300   -5.980800  -42.802300   -3.705100    0.000000  -13.994600   -9.305000   13.790400    0.000000   16.193900   26.197800   87.029100    0.000000  114.948800  127.874400  174.386600    0.000000    2.544300  110.381800   94.717300    0.012400  -10.650500  -36.663700   -0.089200   -1.223800    2.588100   17.611000    8.304900    0.000000    6.781500   53.138200    6.158300    0.406200   15.122900   27.131400   87.831000    0.524100   24.200700   55.450600  301.085500   -0.042600  -12.739100   39.277600  174.185500    0.000000  -91.608200  -30.382000   16.482000    0.000000   56.238100   86.518800   14.955300    5.774400   16.007200   53.766200   25.766300    5.648100  113.868700  123.583100   15.789300   15.918300  250.997600  233.049300  273.156900   10.269600   14.638300  -53.967900  189.763600    4.871800 -104.007100 -101.915800   -3.480100    0.711000  -40.446700  -63.298900   -3.379400    0.000000 
-129.545750 -222.253025  -24.584525   -3.660450  -62.512875 -200.784250  -22.200950   -1.346275   27.941900 -175.106350   11.918950   -2.280850  112.288875  -79.389100   49.336975  -10.386850   34.804725   53.261100   20.932250   -9.075375   12.225100   94.834500   -0.849825    3.467275   83.409725   75.188975   -0.854500   15.793650  -62.364550 -100.776200   -8.095325   -1.952525   25.459400    4.838000   24.818975   -0.061225   57.490025   21.294625   51.880425   -0.271225   47.584175    5.372625   39.830725   -4.066575    9.931875   -3.265700    9.528325  -10.696700   17.932950   -3.228400    0.653050  -10.010650   88.170750   -3.744675    1.025125   -4.409150   40.823050  113.628575   61.710175   11.322550   26.942400   82.522125   65.905300    0.568825   30.656400   59.559750   50.008600    0.051100   12.728025   20.841850   13.182625   -0.128900   -1.758075   -7.583800    0.566325   -2.003900   10.312050  -11.995775    2.909400   -8.366625   48.397650    0.720250   10.312025   -9.133975   52.370350  139.497200   47.518100   12.803500   10.387475   40.730000   39.777325    0.383300    6.107725    6.457675   12.755800    0.000000   -0.789100   -1.679925    0.603625    0.000000    1.256025   -1.092100    4.094425    0.000000   12.711125   13.271300    9.852825   -0.590750   -4.454575   35.438275   13.727850   -2.140200   16.176250   36.991400    8.901200    2.109200    2.495850    6.322500    6.027375    0.179425    0.188800   -2.346575    1.039225    0.000000    0.028100   -1.565000    4.875600    0.000000    5.415225    3.265450   20.845525    0.000000   15.005700   13.410350   16.542400    0.000000  -23.314175   31.247700   -1.399675   -0.068900    2.463625    2.595075    0.224950   -0.094450    0.236525    0.172750    0.084225    0.000000    1.094125   -0.922700    2.938075   -0.044450    4.883725   -0.182900   16.374000   -0.034475   10.572925   -3.174100   34.130125    0.016100   -0.950525    9.673900   18.780125    0.000000  -29.764800   -7.840500  -13.083250    0.000000    2.241525   -3.984300   -1.140175    0.396600   -1.250450   -1.430700   -0.898675   -2.119725   17.001175  -14.763475    7.520825   -4.483175   36.637650  -23.352925   25.744725   -2.645600   18.123075  -36.149975   34.521650   -1.299800  -20.357525  -28.894950   -3.340775   -0.092250  -21.765675  -13.247725   -8.685350    0.000000 
  54.684500  119.563150    9.187150    0.667700   20.722250  101.075500   12.940700    1.757650    6.023600   91.208100    2.676300    5.530100   13.861750   42.404600  -10.386850   21.661100   20.701650  -32.941600   -6.473500   21.397250  -21.930600  -68.427000   -0.786050    1.751350  -89.503350  -70.553850   -0.233000  -14.506900    9.767300   37.432200   11.416950    1.035150  -13.381400   -6.278000    2.941150    0.427350  -18.065150  -10.452750   -9.842550    1.597350   -4.270050   -9.490750   -9.579350    8.564450   11.313750    2.124200   -2.424950   21.520200    3.027300   19.810400   -0.028300   24.038900  -71.599500   35.118050    0.559250    9.389900  -38.228300  -55.451450  -13.121050   -3.635300  -15.864400  -47.017750  -14.441800   -0.257950  -12.943400  -38.338500  -12.911600    0.008400   -6.553150  -20.356100   -4.785750    0.113400   -0.316550   -0.892200   -1.062950    4.098400    2.092700   14.614650    0.273600   14.204750  -42.355900   26.173500    3.002850   23.773850  -29.927100  -56.263200  -13.603600   -5.521000   -5.034850  -20.200000   -9.703950   -0.139800   -2.411350   -7.241050   -3.444800    0.000000   -0.885400   -1.695450   -0.426750    0.000000   -0.706150   -0.107400    1.243450    0.000000    0.153250    0.937200    7.293050    0.649500  -13.547550   -1.609650    5.917900    6.451200   -6.087500  -11.768400   -1.837200   -1.025200   -1.055100   -3.495000   -1.609250   -0.081550    0.167200   -0.955550    0.239650    0.000000   -0.073600    1.875000    1.976400    0.000000   -2.191350    0.692300   10.711850    0.000000   -8.729200   -0.037100   16.085600    0.000000  -17.119950    2.933800    8.703050    0.053400   -1.106750   -2.015450    0.110300   -0.023300    0.625850    0.033500    1.159650    0.000000    0.945250    5.436200    5.111550   -0.023300   -0.317350    9.932400    8.661000   -0.128150   -7.617550    5.129600   17.144250   -0.046600   -6.516850   -2.763400   11.589250    0.000000  -16.051200   -3.057000    0.499500    0.000000   -0.604150    8.665800    2.146050   -0.279600   15.907700   10.559200    6.142050    3.228350   16.882950   39.695850    9.690050    5.789050    0.409100   26.707550   17.176650    1.903600  -16.243450    0.534850    4.295100   -0.826200  -12.594850   -8.110300   -5.695350   -0.056500   -6.180950   -6.818650   -3.207900    0.000000 
