1844.269775 2774.574500   72.534100  149.534425  442.374875 1455.393325 -115.642500  121.302350  246.452725  273.807075 -330.837650   84.994750 -454.530950 -178.386800 -247.068850  -38.061950   24.909775  102.155625  -25.245025    4.123175  -17.329350  230.478575   -4.846150   65.922325 -213.504550  108.298425  -22.809775   47.479250  256.583525 -831.444850 -366.778075  -31.591250  586.565200 -605.439325 -311.736200   19.345825  197.570650 -335.562400 -154.770225  -38.395425 -335.706875  -38.821350 -161.504125  -16.686700  297.479125   79.364650   22.269175   -0.819150    9.691025  238.415600    3.550425   48.649700 -112.884975  588.566450   -1.636100  237.868075  206.523500 -1271.559400 -288.064800  -59.808150  531.517175 -373.778375 -140.297575  -35.531225 -304.992450  -90.154325 -236.801825  -30.280600 -217.915075   -3.184000  -98.923775   -1.281500  383.849100    9.398675   24.702200    1.946075  -57.064175   39.540600 -112.726600  -62.865275 -225.948150  480.342550   14.783000  -57.632050  582.979000 -120.559650  -14.647175  -13.762175  178.375300  -28.747550 -122.626950   -7.277450 -478.474925  -32.159300 -203.836550   -5.874775   23.170200   -0.979100   29.602250    0.000000  209.710925   -1.780625  -60.278675   -6.301025 -198.873900  -14.986425 -171.537725  -89.551000 -467.124925 -124.379675  -21.524675 -495.591425  719.003700   43.497625  -15.340100    6.414475  -88.473950  -10.289375 -131.114450   -2.218325 -357.701925   -8.619250  -72.616900   -6.954525  118.134500   12.170900   49.522550   -0.132950  -20.970150  -16.109825 -128.775325   -4.570650 -162.542400  -17.076950 -100.159400  -43.576250 -362.048300 -256.363550  -47.838850 -266.223600  613.818625   87.802475  -16.822625   37.931725 -213.887800   61.453950  -44.480975   21.745175 -236.299125   59.907400   55.642750    3.157425   27.728025   42.131025  -88.835550   -4.332300  -51.679800    6.889875 -187.570225   -1.595600  -57.886350  -12.149650  -42.662000  -18.648700  -85.591500  -96.459050  -33.827050  -24.796750  400.729125  382.716100   -4.565700  120.088825 -158.191975  449.237625   54.275700  -53.259800  -50.468450   73.706025    8.970550 -134.467125    3.707325   25.361175 -287.302250  -29.806350   37.036725   27.070000 -124.853200   -0.208825   -0.275500  -13.436325   -5.391900   -8.461825  -31.235750  -45.306425   -7.317700  -24.509025 
2774.574500 9525.380000  235.543000  329.706500  681.987500 5119.728500 -118.485000  252.708000 1412.490500 1593.053500 -503.072000  277.270000 -767.936000 -329.644000 -476.113000  -35.316000 -907.710500  -26.552500  -90.299500  -87.258500 -630.408000  506.553500    5.753000   63.173500 -480.419000  505.721500  -41.154500  256.025000 -410.435500 -1609.133000 -1086.168500  -49.010000 1338.346000 -1353.228500 -649.206000   31.598500 1059.152000 -832.347000  -21.115500 -103.431500 -1006.217500 -107.913000 -342.817500  -44.381000  128.857500   51.837000  -94.413500    9.633000  -40.085500  410.758000  -10.838500   25.741000 -330.700500 1476.881000    3.552000  694.958500 -422.405000 -3847.967000 -921.244000 -159.037000 1601.131500 -1113.467500 -144.708500 -103.345500 -502.316000 -270.263500 -364.148500  -84.718000 -919.458500  -29.315000 -345.499500   -3.560000  294.888000  -55.948500 -135.639000   11.458500  291.178500   53.038000 -181.308000 -215.709500 -681.817000 1040.749000   -2.700000  -55.629000  782.060000 -618.797000 -112.041500  -39.041500  992.234000  -58.364000 -103.956000  -16.231000 -1203.376500 -104.514000 -482.319000  -13.609500 -602.999000  -33.978000 -183.570000    0.000000  210.176500  -61.417500 -224.881500   -4.459500  267.178000  -65.681500 -151.255500 -222.340000 -1296.316500 -275.931500  -76.956500 -1230.321500 1386.841000   77.522500    2.492000   -1.359500  294.044000   61.922500 -219.921000   37.786500 -1186.976500  -44.550000 -322.117000   -5.464500 -458.445000    3.927000 -234.991000    1.509000  116.963000  -15.853500  -13.463500   -5.897000  123.958000   -7.071000   61.453000 -108.300000 -1177.264000 -545.544000 -117.753000 -729.303000 1230.552500  215.410500   -1.742500   88.025500 -306.934000  246.131000 -160.970500  270.546500 -1053.687500   67.192000 -206.930000  127.146500 -337.005500   74.704500 -185.859000   -2.214000  233.866000   60.222500  124.994500   -4.998000  -11.063000  -17.477000   42.530000  -49.416000 -449.920000 -301.244000  -97.509000 -100.300000  667.282500  507.813000  -20.406000  202.453500 -652.480500  809.457500  -70.039000  216.961000 -730.316000  734.274500 -277.176000  119.017500   25.843500  608.426500 -169.455000   -1.223000  314.240500  127.080000  133.844000   -0.618500  -10.600000  -32.973500   13.063000  -25.698500 -147.065000 -175.196500  -21.586000  -78.454500 
  72.534100  235.543000  137.006400  -19.572300  137.269500  249.638300   59.200000    9.054400  141.095900  102.378300  -39.540600   27.734000  -36.983800  -17.717200  -48.580400   14.347200  -39.615900   -1.832500    0.079900   -5.197300  -60.322400   19.099300    0.010400    4.934300  -56.278200    5.558700   -5.074100   11.607000   48.804100  -30.214400   48.752700  -22.965000   93.750800 -109.802300  -20.029800   -5.816700   81.297600  -58.264600  -21.905900   -5.376700  -20.852500   -5.355400  -14.651500   -2.116800   23.876500   -5.391400   -0.933300    1.253400  -22.245900  -20.032600   -0.813300    3.828800  -38.479900   13.975800   -3.764400   19.822300  -15.806000 -178.962600  -38.179200  -11.637600   81.658700  -83.918500  -41.275300   -7.464900   17.315200  -16.827300  -30.122300   -5.632400  -22.625300    1.319000  -10.030100   -0.621000   22.536400   -0.600300   -6.431200    2.369300   -6.331700   -8.707600  -16.581400    6.888900  -27.612600  -26.144800   -6.848000   17.836800    6.136000  -54.188600  -21.858700   -3.178700   43.231200   -3.385200  -30.007800   -1.054800   -3.839700   -3.012200  -24.496200   -0.414100  -11.309200    1.108600   -4.106000    0.000000    6.843700   -7.597500  -19.349700    0.295900   12.909400   -9.785700    0.319100   -0.159000    8.540300    5.136300   -3.338700   14.419300   14.574800  -15.844500   -9.710400   -2.307100    2.599200   -2.972500  -25.957800    8.146700   16.762300    0.193000  -15.147600    6.111900  -25.922000    3.073600   -8.639800    0.498200    0.069400   -5.359300  -14.226300    0.252400   14.715400   -4.237800   14.267400   -1.855000   -7.368200   -0.729200   -2.325400   -2.824400    0.949500   -4.575100   -1.550500   -4.143100  -42.766200   -1.639200   -7.498900    8.825700   35.683500    2.079600    2.626000   22.934700  -37.987900    2.324100  -19.207200    4.355800   12.330800   -0.625500   13.179100   -0.297400    4.639600    0.246400    7.707000   -1.139800   -8.141000   -4.246200   -4.833200   -0.447000   27.451500   28.754400   -0.837800   -2.834700  -49.382900   -2.934500    9.112800  -45.699200   30.546200  -46.295900  -23.867800   11.761500  -20.200700   28.199700  -20.969000   18.039600   20.501900    9.560000   28.747200   -0.050300   -0.652000   -1.915300    3.107400   -1.922300  -13.973000  -11.850700   -1.450800   -5.891100 
 149.534425  329.706500  -19.572300   91.472975    1.794125  116.356275  -27.342500   22.600450   -0.101925  -18.732475  -18.314550    2.863250  -54.629650  -29.349600  -13.740950  -11.661650  -10.010575   12.169375   -7.776175    0.934225  -13.709450   19.543025   -3.384050   -6.935725  -27.323850    4.450975   -0.234425  -10.835250  -23.389325 -103.132950  -61.504525   34.066250   62.964400  -37.888275  -36.276400   15.628775   -2.469450  -39.192800   -6.845575   -1.399975  -61.593125   -4.233450  -16.988875   -2.269900   29.008875    8.598550    1.351225    3.369950   -3.446825   22.458200    0.224975   11.300900  -44.753825    3.383150   -0.036700    4.219525    7.579500 -163.321800  -36.865600   -6.948050   80.972225  -42.263625   -1.991025   -2.777575  -40.015150  -13.553275  -23.455775   -2.748200  -42.933525   -1.188000  -10.927425    0.044500   33.717700    3.457725    8.358400    3.290525    2.893775   20.488200  -11.505200   14.097075  -47.713050   74.294850    2.351000    8.218650   64.203000  -19.903550    0.097775   -1.337225   47.529100   -8.614850   -6.721650   -0.635150  -68.216475   -6.022100  -22.877850   -0.474425   -9.075600   -0.082700    7.965750    0.000000   27.908475    5.395625   -3.127725    1.581825   -3.578300   13.228025  -29.523075    7.728000  -71.416475   46.345275    0.140275  -39.781975   74.048900   14.048375    0.825300    2.215325    8.304350   -1.510625   -9.969150    5.148725  -60.755475   -2.729750   -2.899300   -0.337675   10.596500    1.067300    2.959850   -0.148650   -1.747050    2.478225  -15.675275   -0.285550  -15.407800    3.673350  -18.051800   -1.128750  -54.775100   -9.486850   -7.155950  -23.374200   60.765375   11.491325   -2.488375    6.501075  -17.681600    8.260650   -3.660825   15.468225  -48.978875    3.757800    4.219250    8.298975    0.892175    2.963175  -12.645850    0.626900   -4.440600    5.029125  -16.390575   -0.198200  -10.593450    0.471450   -5.649000   -1.763900  -15.355500  -10.380350   -3.956350   -4.732250   32.908875   41.401700   -0.522900   10.354775  -46.127825   31.193375    5.072900   12.314400  -31.332150    0.978175   -6.459150    8.160125    6.154275   -6.279775  -16.835750    5.236550    3.006075   -2.180000   -9.120400   -0.024775   -1.558500   -1.247275   -1.039300   -1.015775   -4.640250   -6.141975   -0.891900   -3.074175 
 442.374875  681.987500  137.269500    1.794125  630.914375  396.339625  124.467500   63.120750  405.597625  -22.731625 -120.554250   45.848750 -317.287750 -127.556000 -180.938250  -10.632750   39.409875   78.653125  -14.021125    8.547875  -62.340750   84.580875   -9.716750   44.749625 -159.794750   -3.325875  -10.009875    9.271250  217.458625 -408.463250    1.211625  -40.106250  469.759000 -424.909625  -53.649000   -5.532875  122.419250 -221.443000 -146.170125  -21.299125 -159.179375  -25.485750 -115.025625   -8.216500  201.770625   40.579250   16.557875   17.913250  -40.693875   95.002000    5.114125   81.211500  -85.428875  170.335250  -19.399500  105.038375  219.082500 -449.458000  -53.271000  -21.811750  273.797875 -198.766875  -84.045875  -16.075125 -173.925250  -66.759625 -175.167125  -15.252000  -62.103375    1.185000  -37.619875   -1.377500  257.334500   14.445375   30.334000    9.788375  -51.912875    8.762000  -68.842000   26.707625 -113.676750   78.164750  -35.840000  116.012750  359.005000  -48.374250   11.982125   -6.342875    4.013500  -30.859750 -109.292750   -1.140250 -213.876625  -19.818500 -120.364750   -0.939875   42.479000    4.565500   44.196250    0.000000  121.996625  -12.203125  -29.065375    0.238875  -90.290500  -50.804125  -99.307625  -18.025000 -154.331625  -52.415375  -34.030375  -40.464125  393.426500   52.413125    3.100500    9.196375 -187.737750   -5.781875  -87.090250    6.755375 -107.216625   -7.686250  -25.820500    2.976375   58.777500   -0.564500   30.674750   -0.142750   -1.066750  -16.282125  -92.509625   -0.879250  -84.958000  -12.642750  -64.933000  -15.101250 -169.828500  -78.509750  -23.258250  -77.787000  297.663125   84.636375   -6.608125   36.557625 -226.461000   17.342750  -16.623875   -2.352125  -38.505625   -8.987000   43.738750   -5.305875  -10.573875   -6.738875  -45.414750   -1.318500  -26.161000  -14.460625  -97.620125   -0.307000  -30.725750   -4.664250  -31.175000   -4.926500  -65.362500  -46.642250  -11.577250  -13.183750  227.360625  227.334500   -2.731500   74.912125  -69.103875  197.383125   58.311500  -61.671000   46.639750  -44.503875   36.329750  -60.620625  -21.880375   -0.647125 -129.281250   -3.395750   -3.307375    6.375000  -53.069000   -0.097125   -6.227500   -4.784625   -5.775500   -2.262125  -16.888750  -14.419125   -2.636500   -7.896125 
1455.393325 5119.728500  249.638300  116.356275  396.339625 3440.851975   19.122500  101.968050 1041.739175 1498.338225 -272.106950  189.194250 -126.799850  -29.718400 -274.557550   19.062150 -682.641675  -62.193125  -57.004075  -73.832475 -450.769050  271.797725    7.977550    3.893975 -300.376650  259.458275  -30.208325  147.082750 -244.810425 -804.555550 -474.961225  -89.058750  615.547600 -779.139975 -351.810600  -29.940525  844.395950 -433.166200   63.273325  -65.069275 -414.025625  -59.360050 -143.577375  -26.462100  -39.407625    6.852950  -77.859475  -21.316450  -21.262925  176.652800   -6.565725  -21.453900 -174.590925  791.201350   -6.204300  411.416225 -432.379500 -2305.952200 -538.667400 -103.693450  746.374525 -737.100125 -109.499725  -74.844675  -93.319350 -155.264975 -107.057475  -61.437800 -489.927225  -15.977000 -187.120325   -4.314500   41.413300  -34.920975 -122.286400  -13.529775  206.999475   23.297800 -106.490800 -180.854825 -341.328450  595.320650    7.029000  -53.259150  196.507000 -462.142950  -88.704525  -29.929525  468.278900  -29.730650  -28.542850  -11.429350 -566.687775  -44.890900 -224.042650   -9.913325 -382.857400  -22.203300 -135.773250    0.000000   -0.514225  -32.286875 -153.139025  -12.702075  218.359300  -24.642275  -31.324175 -163.398000 -679.947775 -162.722025  -20.737025 -673.327275  580.688100  -11.362125   -4.876300  -10.520575  164.706150   28.716875 -113.535350   24.478025 -581.783775  -13.242750 -187.944700    4.217425 -344.226500   11.091700 -156.159350    0.819150   11.055550   -3.411475   14.822025   -7.705950  135.703800  -10.537850  114.607800  -77.188750 -624.352900 -301.253650  -48.042550 -378.241800  531.155875  102.778425   -4.792875   51.041175 -154.351400  110.373850 -102.743925  149.078525 -455.122375   31.451200 -139.121750   89.960275 -239.796925   52.647075 -131.959650    2.335100  141.652600   39.749625  130.808325   -3.367800   21.869950  -11.552950   66.719000  -30.688100 -273.664500 -183.715150  -57.199150  -62.530250  272.582375  220.134300  -12.749100  124.003475 -384.981925  427.847875  -59.880900   60.927600 -263.547350  441.077075 -234.130350  102.743625   54.003975  480.586525 -151.651750   36.564950  239.976175  113.390000  143.683400   -0.373475    4.543500  -20.370975   21.705300  -18.962475 -115.662250 -125.207275  -13.825100  -59.926075 
-115.642500 -118.485000   59.200000  -27.342500  124.467500   19.122500  155.950000  -14.735000  224.152500   74.432500  100.855000    8.790000   67.155000    8.755000   -7.820000   15.225000 -118.327500   -7.207500   -9.167500  -10.982500 -143.515000  -15.172500   -1.635000  -20.167500  -59.510000  -21.222500   -2.687500    4.775000   46.692500   62.815000  104.862500  -18.515000   36.240000  -73.437500   77.395000  -12.947500   43.125000  -59.920000   24.637500   -8.732500    0.307500   -9.270000   -5.217500   -2.445000  -34.607500    0.420000   -7.902500    0.490000  -22.507500   -4.435000   -3.752500   -2.990000  -36.052500   -4.985000   -5.355000   -9.942500   29.675000  -15.185000   24.775000   -7.500000   14.887500  -57.372500  -17.882500   -4.472500  -11.405000  -22.632500  -17.257500   -5.455000  -15.947500   -1.020000   -4.857500   -0.860000  -30.145000    2.437500   -6.495000   -3.762500   31.082500    2.420000    3.835000    0.217500  -28.840000  -24.640000   -7.045000   -9.800000   50.555000  -35.455000  -18.557500   -2.902500  -13.230000   -6.105000  -28.220000    0.560000  -22.817500   -0.695000  -16.980000    0.517500  -16.330000   -3.560000   -3.625000    0.000000  -28.552500   -6.007500    4.287500    0.202500   64.915000   -0.312500   22.852500    5.890000   -5.732500    6.572500   -0.347500   43.127500   45.490000  -22.787500  -18.950000    0.087500  -18.325000   -7.152500  -23.160000    4.567500  -11.977500   -0.770000   -9.640000    4.217500  -33.470000   -5.870000   -9.175000    0.355000    3.220000   -4.682500   13.492500    0.935000   27.015000   -0.945000   24.600000    6.790000  -18.230000   13.855000    0.830000   19.845000   11.787500    3.087500   -6.022500    2.937500  -28.615000   -2.840000   -9.512500    5.012500    8.657500  -16.905000   -3.795000    4.317500  -34.747500   -8.077500   -2.170000   -0.435000   21.385000   -4.077500   36.537500    0.040000   -2.475000    1.945000    7.085000    2.725000  -21.235000    8.065000    3.110000    6.695000   -5.597500    5.185000   -1.165000    1.052500  -11.697500  -19.177500    2.785000    9.215000    7.070000   -3.962500  -14.620000   24.112500   -9.517500   33.387500   24.585000    2.275000    6.537500   -3.295000   31.340000   -0.072500   -9.590000   -1.822500    0.200000   -1.462500  -13.210000   -4.007500   -0.490000   -5.202500 
 121.302350  252.708000    9.054400   22.600450   63.120750  101.968050  -14.735000   32.859900   18.117650  -39.574450  -35.850100   20.311500  -99.902300  -39.596200  -29.940900   -6.521300   26.267350   17.256250   -0.110850    2.737950   27.377100   20.541550    1.920900   12.384050  -15.134700   -0.003550   -1.302350    3.384500    3.599850  -91.474900  -26.299550    0.792500   87.601800  -70.657050  -23.695800   11.278050   32.072100  -41.721600  -28.692650    2.140550  -51.658750   -4.805900  -25.505250   -1.677800   47.740250    6.388100    3.866950    5.333900    1.709850    8.185400    0.824450   16.479800  -19.074150   22.444300   -2.727400   18.254550   17.599000 -113.079600  -21.148200   -4.562100   75.858950  -38.669750   -6.657550   -2.811650  -24.558300  -13.607050  -33.297050   -2.670400  -24.612550   -0.966000  -10.128350    0.009000   52.289400    2.049950   13.059800    4.406550  -11.021950    3.175400  -13.439400   11.650650  -31.162100   16.906700   -5.038000   14.935300   53.421000  -11.178100    5.231050   -1.133950   25.540200   -4.876700  -12.441300    0.251700  -41.237450   -4.546200  -25.882700    0.207650    5.946800    0.415600   11.021500    0.000000   37.331450    0.148750    2.465050    1.365150  -23.767600   -0.253450  -24.587650    4.471000  -40.917450   13.051050   -5.238950  -18.638450   68.480800   16.559250    7.241600    1.142150  -19.264300    2.206250  -14.086300    2.436950  -26.935450   -1.624500   -2.884600    1.166150   18.318000    0.340600   13.151700    0.009700    2.689900   -1.359050  -19.311050   -0.052100  -21.431600    1.088700  -19.009600   -1.607500  -42.717200    0.394300   -4.445900  -18.907400   60.858250   19.209150    1.730750    7.228650  -41.000200   10.864300   -1.028150    3.525950  -22.085250    7.541600   10.978500    1.522450    1.547850    2.154850   -4.113700    0.051800  -10.468200   -0.879250  -23.407650   -0.160400   -5.940900   -1.358100   -6.633000   -2.035800  -13.551000  -12.002700   -3.414700   -4.029500   41.490250   48.012400    0.246200   18.935050  -36.027150   38.899250   10.493800   -9.823200   -8.612300  -18.695150    8.988700  -15.887250   -8.035950  -18.080050  -24.431500   -0.655900   -5.701350   -0.330000  -14.228800   -0.020050    0.723000   -1.420050   -0.659600   -0.822050   -2.985500   -5.198450   -0.721800   -2.406850 
 246.452725 1412.490500  141.095900   -0.101925  405.597625 1041.739175  224.152500   18.117650 1535.474775  412.465425  114.847650   74.335250  183.060950 -188.488200 -169.406150   -3.913050 -603.757275  -65.573125  -67.492475  -55.675675 -317.755650  120.408925  -32.773850    5.915175 -184.210450   53.684075  -17.757725   45.225750  -66.136025 -124.590150  -40.519425  -33.288750  355.549800 -431.293175   15.431200  -38.073325  690.344350 -340.727600   53.067725  -44.187075 -189.870625  -59.663650 -141.213375  -24.318300  -74.081625  -17.149650  -74.761675   -7.220850  159.311475   56.284400  -17.517925   16.630300   10.622475  344.873550  -19.038900  214.294425 -252.663500 -797.620600 -122.130200  -46.781850  363.820325 -324.564125  -19.399925  -30.656275  176.837450 -118.008175  -89.395675  -29.894400 -302.282425  -19.651000 -136.618725   -3.948500  -14.394100  -43.586175 -108.022200  -20.468575  314.446675  -12.110600  -31.143400  -79.152225  -76.826850  279.627450  -12.788000   70.367050  -74.069000 -170.530350  -32.365325  -10.635325  274.334700  -34.017450  -53.368050   -3.287550  -48.897575  -23.525700 -128.243450   -3.272725 -288.905200  -24.845900 -134.027250    0.000000    0.491575  -44.271875 -121.393825   -4.716475  408.308900  -72.826075   24.465225  -70.234000 -252.717575 -184.742825  -28.602825 -202.166075  -51.898700  -56.800125  -39.879900    2.103025  179.543950   -8.478125  -98.235550   29.845825  -64.150575  -14.775750 -125.038100   16.487025 -302.219500  -13.825900 -216.017550    0.797950  122.525150   -6.317675   11.207825    0.595650  250.777400  -14.138050   96.204400  -31.318750 -242.501700 -158.541450  -45.826150 -152.746400 -216.286125   10.440025  -25.399875   11.765775   -8.987200   27.671050  -82.781525  112.442325  -28.863375  -29.412400 -204.262750  100.585075 -185.115525    3.571475 -168.009450    6.922300  238.774800    8.932625  177.812725   -0.579400   74.206350    7.369650   55.862000   -6.751300 -114.598500  -49.820950  -26.782950  -38.228250 -313.276625 -167.906100  -12.854300  -47.966325 -128.885525 -171.425125 -113.095700   27.979800   49.203450  261.666475 -312.385550  257.084625  163.735175  573.866325  -12.542750   47.861350  256.090775   84.845000  210.603200   -0.273675   -0.484500   -6.306175   12.951900   -5.930675  -50.364250  -35.531075   -6.492300  -20.773475 
 273.807075 1593.053500  102.378300  -18.732475  -22.731625 1498.338225   74.432500  -39.574450  412.465425 1423.371975    9.390550   54.031750  667.127650  432.116600   22.149950   55.704650 -550.392925 -102.351875  -32.930325  -78.148725 -535.841550    5.011475   -6.649950 -100.169775 -122.844150   50.864525  -13.042075   29.935250 -124.439175   27.231950  -86.949975  -56.271250 -156.742400 -164.826225  -69.380600  -60.729275  398.973450  -16.581200  226.427075  -31.565525  231.250625    4.322450  128.081375   -3.892100 -288.091375  -26.834550  -55.085725  -51.638950 -106.316675   33.777800   -7.859475 -108.293900  -17.289675  236.853850    5.325700   76.164975 -378.799500 -806.127200 -203.532400  -37.385950 -121.336725 -303.138875  -41.268475  -37.095925  149.903150  -24.876225  201.201275  -29.257800  -32.205975    1.363000    8.575925   -2.979500 -285.466700  -37.827225 -106.171400  -32.916025  120.120725  -10.927200   -1.090800 -150.783575  -18.705950  143.163150   29.949000 -127.196650 -286.178000 -280.860450  -56.003275  -16.728275  -15.191100  -17.078150   73.459650   -5.346850   -7.409025   15.444100   58.734850   -4.882075 -185.947400  -13.678300  -88.050750    0.000000 -241.562975  -26.043125  -56.427775  -11.488325  182.834300   26.641475  139.019575  -87.923000  -95.914025  -56.710775   27.834225 -176.868525 -110.636900  -62.865875   -3.986300  -16.716825  103.523650    1.568125   47.327150   -4.048225  -97.810025   12.034750  -36.074700   -2.173825 -254.341500   10.876700 -137.941850    0.081650  -32.591950    4.332275  137.175775   -4.453450  139.323800    0.859650  175.487800  -28.866250  -99.552900  -79.041150    0.364950  -51.886800  -11.977875  -18.062825   -0.479125   -4.777575  103.308600   12.436350  -25.692675   15.872275  -74.108625   15.961200 -121.409250    5.476525 -123.525675   53.038325  -55.347150   -3.299900   99.087600   28.223375  168.932075   -1.077800   27.667450   -1.090450   55.259000   -4.253100  -84.589500  -47.512650  -12.936650  -11.357750  -31.426375  -75.435700   -7.264100    6.944725    5.769325  106.604125  -83.055900    4.192600  -47.519850  392.768325 -192.552850   -9.282625   89.360225  290.270275  -23.469250    9.067450  133.647425   53.025000   97.028400   -0.119725    0.893500   -6.292225   10.795300   -6.298725  -54.014750  -44.233525   -4.510100  -20.887325 
-330.837650 -503.072000  -39.540600  -18.314550 -120.554250 -272.106950  100.855000  -35.850100  114.847650    9.390550  364.229900  -36.723500  348.772700  119.133800  232.534100    1.488700 -273.692650  -53.503750   -4.640850  -41.052050 -300.172900  -69.003450   -7.534100  -81.295950   -2.479700  -26.463550    3.417650  -31.980500  -71.910150  179.790100   79.300450    5.997500 -128.433200   96.367950  168.384200  -20.621950  -43.047900   13.383400  184.127350   -7.514450   36.466250   -4.790900   75.449750   -2.812800 -219.529750  -14.531900  -19.083050  -23.276100  -57.360150  -18.129600   -2.900550  -65.120200   17.245850  -95.340700    2.467600  -66.955450  -25.406000  228.040400   69.811800   -4.247100  -88.411050   38.400250   55.352450   -0.031650   -0.223300   -3.572050   64.977950   -4.255400  -14.972550   -4.291000   10.336650   -1.061000 -216.500600   -0.995050  -15.640200  -13.588450   17.883050    7.965400   46.405600  -33.339350   54.477900  -65.483300   11.637000  -84.569700  -33.804000   24.731900    5.336050    0.596050  -45.554800   15.273300   28.908700    2.096700   19.992550    5.408800   22.567300    0.982650  -51.803200   -7.229400  -21.583500    0.000000 -157.548550    3.148750   39.965050   -2.404850   96.002400   42.771550   92.852350   14.416000   93.132550   75.681050   23.111050   59.971550  -38.524200  -28.430750   -4.838400   -0.312850    2.480700   -6.963750   12.683700    1.231950  -10.050450   -1.274500   -1.944600    6.311150  -72.712000   -5.869400  -26.748300    0.479700  -54.735100    3.920950   78.223950   -0.762100   64.503400   11.488700   73.970400   11.997500   67.017800  113.064300   13.699100   70.142600  -37.341750  -22.420850   -4.834250   -4.206350    4.769800  -15.235700   -6.488150    9.075950    3.484750  -26.448400  -26.521500    9.462450  -36.432150  -11.070150   17.851300    1.461800   14.486800    2.190750   93.912350   -0.315400   12.669100    3.796900   31.297000    1.379200   -3.921000   24.062300    4.260300   14.360500  -70.524750  -68.302600   -0.518800   -1.109950  -26.347150  -60.040750  -15.341200   45.961800  -24.677300  -13.470150    3.143700   52.927750    4.054050   42.294950  101.748500    7.899100   14.113650    3.030000   68.711200   -0.115050   -8.927000   -2.435050    8.760400   -1.587050   -9.190500   -7.378450   -1.401800   -2.581850 
  84.994750  277.270000   27.734000    2.863250   45.848750  189.194250    8.790000   20.311500   74.335250   54.031750  -36.723500   58.737500  -49.665500  -29.847000  -34.586500   25.719500  -32.950250   -1.223750   -1.102250   -3.814250  -34.656500    6.466750    2.426500    5.979250  -48.049500   -2.576750   -3.794750    7.442500  -21.222750  -70.706500  -18.066750   -7.692500   27.593000  -87.099250  -23.548000    1.859250   99.113500  -39.981000   -6.635250    1.396750    2.741250   -4.406500   -9.771250   -0.328000   19.756250    1.323500   -3.624250    3.986500   -2.672750    5.229000   -0.491750   14.723000  -39.682750   25.395500   -3.534000   28.831750  -42.245000 -133.811000  -27.372000   -5.978500   25.440750  -55.393750   -6.451750   -3.665250   32.434500  -11.704250   -0.854250   -3.684000  -13.096750   -0.825000   -6.304750   -0.365000   22.149000   -3.764250   -3.937000    0.236750   22.584250   -6.256000   -9.909000    3.020250  -29.948500    7.764500   -5.500000   16.455500  -21.685000  -20.008500   -5.030750   -1.125750   21.212000    1.600500    7.639500    1.189500   -1.408250    1.868000   -1.934500    1.325250  -16.637000   -1.924000   -3.217500    0.000000   17.998250   -4.861250   -3.590750   -0.432250   22.894000   -7.913250   -8.000250   -2.405000  -26.573250  -23.170750   -7.435750   -8.413250   -7.787000   -0.743750    5.211000   -1.487250   17.379500    4.081250   -0.515500    2.975750   -5.623250    0.512500   -4.821000    2.277750  -16.935000   -0.039000   -1.990500   -0.075500   11.496500   -0.134250    4.295750    0.016500   11.059000   -1.880500    0.009000   -1.097500  -10.562000  -17.269500   -3.996500   -7.019000    4.611250    8.807750    4.573750   -0.404750   -0.472000    5.550500   -3.887750    2.760750   -6.386250    5.336000   -6.747500    3.048250  -10.232750    5.832250   -3.314500    0.073000    7.668000    3.663750    2.699750   -0.029000    3.718500   -0.493500    1.220000   -0.558000   -2.985000   -2.614500   -1.564500    3.842500    0.131250    4.544000    0.452000    8.084250  -15.552750   19.421250   -3.662000   -6.717000  -16.560500   23.997250  -17.575500    0.008750    1.509250   17.985750  -11.557500    1.973500    9.755250    3.050000    6.652000   -0.034250    1.180000   -1.399250    1.144000   -0.394250   -3.427500   -1.933250   -0.653000   -0.987250 
-454.530950 -767.936000  -36.983800  -54.629650 -317.287750 -126.799850   67.155000  -99.902300  183.060950  667.127650  348.772700  -49.665500 1497.507100  505.927400  386.139300   45.810100 -432.550950  -76.121250  -10.464550  -56.157150 -1147.201700 -232.754350  -72.499300 -183.451850 -258.393100 -177.041650  -13.249050 -108.516500  -27.588450  509.617300   94.230350   -8.927500 -548.458600  238.087850  133.631600  -63.889850   68.218300  171.198200  352.074050   -5.147350  572.163750   17.169300  314.164250    6.105600 -437.064250  -33.858700  -57.835150  -34.990300 -339.593450   -3.770800  -44.772650  -98.064600  -36.215450 -157.611100   17.954800 -102.140350 -246.378000  336.154200   15.686400   -8.803300 -608.009150   69.985750   29.316350  -11.842950  293.434100   50.747850  363.627850   -6.354200  215.511350   -2.568000  126.757950   -1.303000 -454.753800  -39.061150 -127.514600  -26.229350   11.805150    3.059200   35.568800  -51.005050  167.496700  -76.220900   54.476000  -94.288100 -471.562000  -32.096300  -54.970850   -2.930850 -332.205400   19.455900  137.535100   -4.385900  320.143650   40.847400  244.552900   -1.634050  -98.908600  -13.311200  -61.550500    0.000000 -393.111650  -21.568750  -34.488850   -3.961550  243.175200   55.020650  234.169050   -5.312000  335.093650   53.274150   66.669150  183.325650 -483.856600  -99.762250  -31.253200  -12.190550   38.381100  -14.811250  156.560100  -27.240150  175.494650   14.751500   80.104200   -9.683550 -266.601000    7.488800 -154.700900    0.443100 -127.467300   16.661850  193.350850    0.151700  210.788200   26.020100  239.379200    3.382500  349.894400  115.863900   17.804300  155.174800 -302.095250  -83.444550   -5.517750  -32.386050  257.505400  -52.826100   17.902550  -55.728150  131.924250  -21.338200 -121.629500  -32.108650 -121.614450   42.966550  -50.380100   -3.163600   59.396400   32.322250  248.419050   -0.754200   60.864300   14.803700   92.546000    3.216600  133.937000   78.562900   -0.398100   20.346500 -215.799250 -261.509800   -7.222400  -55.318850  233.030550 -107.682250  -85.547600   35.901400  -24.167900  311.166550 -138.219900   -0.506750   47.458150  271.483850  105.305500   -0.095700  103.988950   50.155000  143.697600   -0.166150   -4.681000    0.358850   17.524200   -7.412150  -20.726500   -7.469350   -3.221400  -20.522550 
-178.386800 -329.644000  -17.717200  -29.349600 -127.556000  -29.718400    8.755000  -39.596200 -188.488200  432.116600  119.133800  -29.847000  505.927400  411.615600  173.039200   20.869400 -153.206800  -32.840000    8.969800  -35.854600 -375.794800 -100.281400   -6.289200  -94.591400    8.438600  -46.867600    2.531800  -36.126000  -17.471800  193.871200   55.195400  -15.330000 -245.558400  124.845400   49.345400  -28.248400  -71.244800  122.355800  132.793200   -0.873400  269.605000   23.504200  160.832000    6.896400 -218.092000  -12.272800   -7.781600  -29.673200 -173.966800   -5.355200   -2.311600  -88.782400   43.075200  -73.008400    6.851200  -74.970400  -80.577000  175.089800    7.096600    2.849800 -282.267600   39.213000   -1.660600   -3.614800   56.015400   37.355400  155.215400   -2.019800  143.144400    7.828000   79.184800   -0.552000 -246.987200  -10.385600  -32.772400  -13.596400  -69.703400   -7.435200   13.907200  -55.982200   95.299800  -72.554600   25.834000  -92.586400 -185.328000  -41.277200   -7.277400   -1.007400 -176.962600    3.659600   50.854400   -2.554600  126.995600   19.930600  104.232600   -1.693200   13.361600   -1.537800   -3.517000    0.000000 -223.687600   -9.495000    1.635600   -4.308200   -8.551200   48.013600  103.818200  -16.713000  153.540600   81.647600   41.252600   36.553600 -169.070400  -34.069000    7.454200   -5.479200  -33.516600  -12.455000   64.669400  -15.856600   95.519600   10.686000   39.524800   -7.991200  -64.109000    1.687200  -33.034600   -0.143600  -95.776200   -1.908600   76.762400   -1.255200   58.785800   11.294400  103.309800    1.180000  114.663600   64.331600   28.064200   58.046200  -86.731000  -35.095200    4.359000  -14.991200   72.802600  -22.328400   15.207200  -38.378600   73.722000    2.409200  -24.158000  -28.635600  -39.470800   15.893200  -11.404400   -3.358400   -2.678400    4.969000   69.008200   -0.304800   37.409200    1.827800   44.689000    0.890400   16.278000    7.512600    5.113600   11.101000  -44.397000  -77.221200   -0.735600   -9.409400   76.414200  -20.159000  -18.754400  -18.788400   28.817400   76.763200  -34.670600  -53.382000    5.778600   56.589400   11.557000   -3.325800   41.553800   29.835000   45.189400   -0.080600   10.551000   -1.550600   13.559800   -0.254600   -6.871000   -4.786400   -1.761600    1.837800 
-247.068850 -476.113000  -48.580400  -13.740950 -180.938250 -274.557550   -7.820000  -29.940900 -169.406150   22.149950  232.534100  -34.586500  386.139300  173.039200  294.091900    1.153300 -142.393850  -33.398750   20.637350  -31.638450 -396.001100  -99.361050  -20.861900  -86.983550  -47.562300  -41.196950    0.483850  -50.309500  -79.476350  188.660900   26.269050    5.437500 -207.843800  175.661550   96.382800  -20.597550  -92.151100  110.685600  175.716150    0.834950  123.676250   12.506900  136.662750    3.164800 -213.302750   -6.592100  -10.497450  -22.684900 -153.021350   11.108600  -11.099950  -60.471800   -6.992350 -100.851300    9.358400  -79.999050  -53.704000  282.278600   26.721200   -0.483900 -195.859450   96.302250   42.447050   -0.169850   31.170300   32.771550  131.826550    0.626400   58.292050   -0.539000   48.264850    0.081000 -207.740400   -1.960450  -27.556800   -8.731050  -51.207550   19.063600   33.870400  -20.494150   66.236100  -62.459700   19.488000  -64.607300 -126.471000   36.422100   -9.930550    1.709450 -105.423200   19.409700   62.483300    0.485300   73.912950   10.689200   80.100700    0.938850  -20.488800   -3.544600  -13.601500    0.000000 -164.936950    4.648750   15.675450   -3.113650   55.171600   47.928950   78.391150   10.209000  134.097950   93.909450   28.749450   69.618950 -124.872800  -21.346750   -0.730600   -3.165650  -13.168700   -2.028750   60.253300   -8.062450   25.955950    0.254500   24.788600   -1.144650  -61.973000   -1.244600  -29.469700    0.197300  -83.270900    5.903550   62.660550   -1.853900   65.675600   14.618300   72.573600    5.312500  131.920200  101.093700   17.646900   71.013400  -47.025750  -31.222650    1.896750  -10.897150   45.348200  -25.641300    8.326650  -21.196450   13.017750  -18.885600  -24.153500   -7.682950  -24.114350   -3.196350    5.501700    0.866200  -14.708800    9.341750   83.546150   -0.518600   27.176900    3.277100   41.018000   -1.482200   45.881000   26.780700    4.467700   15.249500  -38.387750  -74.338400    0.650800   -0.229550   14.320650  -25.391750  -12.630800   33.846200  -49.115700    5.898650   20.808300   13.924750   -8.033550   23.774550   88.326500   13.291900    0.102850   17.805000   59.630800   -0.070450    2.332000   -0.795450   15.283600   -2.828450   -4.374500   -6.636050   -1.196200   -5.606650 
 -38.061950  -35.316000   14.347200  -11.661650  -10.632750   19.062150   15.225000   -6.521300   -3.913050   55.704650    1.488700   25.719500   45.810100   20.869400    1.153300   43.183100  -28.576950   -1.436250    0.386450   -0.979150  -75.867700  -15.907350   -0.543300  -10.144850  -34.206100  -12.593650   -1.598050   -4.026500   -4.969450   -0.123700   12.438350   -7.357500  -49.661600  -23.459150   -1.055400   -4.792850   -6.107700    2.489200   11.258050   -0.880350   64.633750    5.188300   24.304250    1.898600  -18.714250   -2.549700    0.472850   -0.239300  -43.329450   -6.999800   -2.119650   -5.592600  -23.446450  -30.504100   -3.886200   -9.143350  -12.248000   13.550200    2.463400    1.447700  -53.361150   -2.959250   -6.640650    1.381050   15.397100    9.480850   20.990850    0.084800   35.359350    3.027000   14.968950   -0.123000  -24.782800   -2.643150   -1.952600   -0.322350  -17.622850   -5.054800    0.232800   -1.749050    4.257700  -26.747900   -3.244000   -4.756100  -35.147000   15.454700   -3.493850    0.906150  -29.127400   11.277900   12.683100    0.302100   22.100650    6.789400   21.224900    0.776950    8.883400   -0.762200    2.564500    0.000000  -16.368650   -3.868750    1.248150    0.144450    5.736200    4.102650   13.518050    4.718000   28.910650    0.511150   -0.398850   26.657650  -33.179600   -1.392250    1.275800   -1.664550   -0.235900    5.638750   10.348100   -2.667150   14.666650    3.666500    7.070200   -1.242550   -7.136000    0.852800    1.502100   -0.108900   -8.611300    0.929850   17.753850    0.382700    9.229200    2.553100   11.000200    4.807500   37.796400    8.395900    2.868300   23.398800   -8.860250   -4.383550    1.732250   -4.930050   16.097400   -0.764100    1.996550  -10.710150    5.329250    4.215800    3.305500   -7.570650   -6.135450    4.585550   10.581900   -0.171600   -5.361600    2.822250    7.508050    0.114800    1.218300    0.564700    1.031000    1.614600   11.717000    9.649900    3.378900    9.836500   10.930750   -7.478800    0.200600   -1.876850   11.109550   11.692750   -0.240600   -9.261600  -17.074900   18.080550   -1.486900  -16.216750   -4.584850   -5.683150   -1.974500   -1.571700   -1.050050   -3.915000   -1.579400   -0.018150   -0.601000   -0.243150   -1.019800    0.285850   -0.546500    3.397650    0.226600    1.138450 
