 595.793975 1130.367375   39.968025   90.609075  111.003525  903.065300  -36.469350   43.876025  128.331400  -26.493875 -122.649925  106.402750 -255.429925 -352.708950 -115.461700    6.707575 -191.415250  -41.836200  -47.810675  -16.978525   12.101850   14.480325   -5.208625   15.596450 -105.124725  -17.845175    1.466375   -5.582175   32.235550   10.515350  -30.798275    1.980875   66.875150  -51.330125  -37.898250   10.229975  263.243525  -62.681050  -52.907825   44.334400  -93.409350   -4.303900 -110.110400   33.369850   38.571750   27.318625  -35.941025   35.450100  152.020375   15.675450  -20.196375   48.239250 -153.419700   13.523625  -20.576750   -3.878875  -18.572300  -90.243575  -56.998300   -1.252325   57.617425  -99.946025  -21.287000   -4.609100  169.158675  -56.324300  -37.206575   -0.384150  -73.676650   38.819850  -78.019300  -22.967150   62.496950   22.241500   -4.528800  -17.361750   27.682850  -23.028925  -27.797700   25.535775 -141.110500   43.896025  -56.979475   27.855300  -59.198725   -7.161700  -83.728275   -9.115700   26.518250   -1.222700  -36.041225    3.487725  -56.011350  -27.191500  -66.416050    5.191200  -38.107300   33.926525  -24.175850  -32.247175   42.222000  -12.754650  -12.450775  -52.596725   32.636350  -57.235650  -49.789675   -7.889075   34.976175   52.594375  -45.969575   42.308125    4.531225   18.684025  -77.273600  -47.486400   81.189850  -10.458825  -94.459625    4.023200   14.862225   -8.857800  -78.125600    5.904375   16.914125   -5.988025   -9.829475   -3.787575   22.474400   -7.993200  -27.901050   -6.090950  116.178250  -50.319775  -45.705600  -14.955875   35.060050  -56.628875  -21.564350  -49.142325  155.941600  -11.847225  -48.472175  -86.442350  103.390700  -53.252750  -69.589600   -5.698350  114.241800   -6.891825  -39.884150   11.763075   18.503175   -2.151375   -8.477625    0.385575  -11.984950   -8.100150  -71.405900    3.047950   92.610825  -20.314175  -61.947775    2.514775   34.006075  -72.912075   -8.823600  -48.854850  318.587000  117.239575   -1.929575  -26.957200   78.886475  136.715100  -33.614750  -10.168075   98.859200   68.379225   23.217725    1.928450  -67.769825  -43.927925  -40.806750   -8.157500  -71.330850  -47.158300  -95.206525    1.286575  123.523875   65.794975  -34.579025   14.391225   89.237950   11.850900    3.407150   -3.135100 
1130.367375 6598.284375  420.357625  340.077875 -363.504875 3474.291500   25.483250   -7.652375  727.922000   45.103125 -325.357125  121.358750 -277.447125 -1082.714750 -389.708500 -115.074625 -525.041250 -146.476000 -160.635875  -45.745125  278.699250  114.429125   -6.555625   80.527250 -344.181125 -156.548375  -29.420625  -22.988375   20.232750  594.556750   -8.488875   41.336875   98.940750   32.001875  -82.391250   -5.562625 1065.210125 -126.070250 -162.556625   40.527000 -210.171750  -20.114500 -410.117000   29.414250   31.328750   20.460625 -133.622625  114.595500  598.269375  -18.817750  -73.794375  164.766250 -462.813500  -93.034375 -122.698750  -16.931875  -62.151500  -91.780375  -90.316500   -3.594125   97.574625  -39.692625  -27.295000  -11.360500  656.435875  -55.741500 -180.040375   35.769250 -119.468250   91.979250 -362.611500  -44.280750  181.304750 -251.652500 -101.304000  -35.648750  400.354250 -190.037125 -134.393500   80.506375 -315.957500  138.312625 -197.099875    8.756500  163.048875  402.711500   37.831125   33.356500  120.381250  392.281500 -124.618625   18.401125   35.363250   55.727500 -290.605250   50.716000    5.888500  276.550125 -244.454250   21.496625   52.400000  237.656750  -99.041375  -57.111125   -2.783250  -60.088250 -115.540875   35.517125   64.228375  262.959375 -135.270375   55.678125  773.383625   23.782625 -417.663000  110.838000  322.984250   19.433375 -407.395625   71.661000  160.108625  -11.129000 -335.243000   13.909375  290.693125    6.337375  -78.449875   18.349625  -81.998000   99.214000  -87.535250   25.895250  114.346250  -14.001375 -195.903000   22.373125  216.810250  -52.511875  -38.196750 -149.859125   91.583000  -22.038625 -428.373375   83.733250   44.763500  238.646250 -372.308000  181.598250   87.299000  138.673375 -152.035750   15.797875  293.213375    0.665625    5.394375    3.480375 -213.354750  -35.930750 -204.669500   10.904750   64.346625  -60.358375 -206.011375   18.206375  317.202875 -105.907875  -22.438000 -177.404250 -411.980000 -347.634625 -198.475375 -382.391000 -184.510125  197.480500 -417.043750  107.112125   22.486000  406.913625  -12.013875   10.197250    3.898375    8.912875   46.781250   -7.012500 -588.104250  -83.941500  -83.340125   10.630375  178.941875  203.607375   -4.437625   29.508625  372.574750   79.219500   72.540750  -12.230500 
  39.968025  420.357625  218.959975  -16.180075  -25.945525  217.130700  165.557350  -30.908025  117.131600   34.363875   16.813925  -30.747750   73.243925  -99.815050  -43.057300   -4.848575   55.155250   -5.072800  -19.400325   29.740525  101.315150   36.243675    3.278625   40.332550   16.127725   18.544175    6.853625   -0.233825   77.645450  288.651650  127.810275    3.389125   26.502850   49.695125   39.963250    1.252025   84.334475   -7.849950  -19.491175   -2.586400   31.397350   -8.759100  -56.277600   -2.912850   28.578250    0.466375  -11.711975   23.531900   31.274625   -3.921450    4.101375   34.280750  -14.974300   16.631375    6.416750    4.323875    3.021300   11.954575    0.622300    0.168325   35.453575  -23.831975  -11.413000   -1.687900   66.112325  -17.221700  -36.172425    2.826150    8.748650  -27.292850   -3.926700    4.554150   10.397050   12.963500   19.032800   10.726750    8.754150   22.687925  -10.346300   25.442225  -22.109500   82.381975    4.652475   -4.934300  -19.213275  -37.982300  -27.479725    1.621700   36.541750  -15.466300  -21.775775   -1.965725   35.479350    6.556500   -5.444950    3.602800   37.796300  -42.958525   51.373850    4.456175   -5.147000  -27.678350   20.437775    4.009725   43.185650  -28.367350  -17.301325    3.245075   16.804825  -41.754375   -2.714425  -31.173125  -62.254225  -47.106025  -78.128400   20.783400   16.497150   28.324825  -16.925375    6.550800  -13.255225   18.471800   25.068600    0.335625   58.975875  -30.814975   32.987475    0.738575  -29.776400  -34.505800  -15.599950   -0.833050   56.506750  -28.073225  -30.066400    0.115875   49.040950  -68.666125   -3.707650  -24.291675 -165.984600  -36.574775  -64.923825   10.025350  -12.771700   91.482750  -44.727400   23.886350  -33.045800   55.357825   -1.143850   -0.479075   13.767825    1.121375    8.557625   -0.286575  -61.439050   -5.857850  -42.372100    1.786050   48.458175   -2.941825  -20.900225    7.358225   63.342925  -28.821925    3.181600  -12.422150 -172.182000 -181.800575  -35.004425  -80.416800  -22.734475  -41.118100  -79.665250   23.949075  -12.565200   36.812775  -22.065725    0.715550  -35.279175   11.906925   -4.843250    0.007500 -102.001150   16.252300  -10.926475    4.382425   51.341125   45.217025   17.126025    7.150775   52.336050    9.847100   14.425850   -0.591900 
  90.609075  340.077875  -16.180075   88.489775   -4.606575  231.267100  -28.562950   46.355925   39.269800  -53.943375  -33.438225   45.866750  -96.608225 -125.610150  -31.691900   -5.360725  -86.654250  -24.073400  -14.310975  -11.953425   -2.629550    2.551025   -0.339125   -0.562350  -13.946825  -13.097475   -1.784125   -3.336475  -19.883650  -33.940050  -19.864175    9.597375    7.468550  -10.054625  -15.125250    6.031075   98.518425    1.340150  -11.153525   17.785800  -57.827950   -1.182300  -31.497800    9.311450    5.459750   -1.190875  -13.545925    9.180700   45.428875   -5.874350   -7.795875   11.607250  -40.767900  -34.055875  -10.499750   -4.873375   -3.196100   -4.546275   -4.638100   -0.240025    8.720725    7.339075    3.731000    0.071300   58.056975    3.114900   -9.642275    4.653450  -25.914050   11.826450  -39.705100   -1.487550   26.866150  -28.659500  -15.791600    1.515250   28.827450  -27.821225   -8.713900    7.871675  -41.683500  -10.789075  -17.692575   -6.762900   21.650175   41.513100    1.585825    2.960100    9.770250   19.076100  -16.522325    4.177825   -4.786950  -10.955500  -22.244850    5.258400  -20.636100   32.484425  -36.798450   -2.966475   11.319000   21.939950  -14.451675   -7.510825  -11.583050  -11.407050   -9.963975    3.410225  -17.200525   46.621875  -12.113275   -3.259375   63.007325    3.476925  -34.380200    4.530200   24.891450  -20.410525  -36.266125   10.077400   13.624325   -9.504600  -33.489200    3.501875   -7.007375    8.440075  -15.167575    1.405725    7.710800    7.902600   -8.704850    2.195850   22.600250    2.250325  -17.604200    2.132625   -2.132150   11.776625   -8.842950   -0.625025   40.581200   -5.829325  -24.111475    8.516050    8.484900   -5.756750  -14.802200   11.654050   12.592600    3.173475  -20.311550    6.052775    7.568475    0.559125   -4.817125    1.080275    3.407850   -3.468550  -19.806300    2.038150   20.609525   -4.660475  -24.340675    3.324675   11.778775    8.729225   -5.265200   -5.271450   20.489000   17.253275   -4.658275   -6.135400  -15.598425   22.380700  -24.270750    3.262225   -1.985600   20.738325   -3.757175    1.356650  -13.552525  -10.949225   -9.819750   -0.292500  -16.728450  -11.983100  -12.009425    1.342275   30.463375    9.661075   -3.196925    4.547325   15.868150    4.886300    1.417550   -0.470700 
 111.003525 -363.504875  -25.945525   -4.606575  624.068975 -293.865300  -68.370650  161.661475  228.973600 -421.958625 -124.912575  156.022250 -445.272575 -312.406050  -89.358300  -38.880075 -103.374750  -36.638800  -25.411825   -0.628975  -74.406850   -2.247825    4.391125    7.213550   -0.842775   43.507675   19.386125   -0.555325   24.089450 -113.485350  -16.189225   -9.228375  279.144850 -164.682375  -36.981750   39.507525  182.803975  -96.573950  -55.159675   71.095600 -326.230650  -29.021100  -82.259600   21.335150  146.548250   11.423875  -19.886475   23.029900   74.117125   34.699550    7.258875   -1.114250 -102.245300   24.298875   11.306750  -16.498625   -1.182700  -39.908925  -25.731700   -1.640175  223.365075  -73.901475    7.292000    8.919100  108.273825   20.649300  -48.595925   11.944150 -195.348350   23.315150  -42.330700  -17.197850  112.303050 -100.151500   47.568800  -19.918250    4.617150   -6.058575   -7.712300   -7.718275 -180.549500  -13.398525  -24.468025   -1.320300  -49.203775  -49.393300  -70.724225   -4.184300  107.231750 -130.812300  -13.651275    5.724775  -25.458650   47.371500  -48.003950   -3.241200  -84.662700   75.915975   13.720850  -18.920325   89.878000 -136.670350   46.503275  -14.745775    5.043650  -10.874350   -1.522825  -23.013425  -60.523675    2.718125  -28.442925   26.969375 -141.113725   13.943475  -62.846400  -45.033600    8.255150 -103.803675   -2.447875  -10.508200 -136.899725  -28.932200  -43.649400   -2.111875  -54.496625   -8.459475   15.061975   -3.969925  205.895600  -31.276800   11.601050   -4.359050  -22.063250  -24.772725  -29.099400  -11.371625  -68.460050   35.226375  -23.350650  -23.090175 -140.566600   23.534725    0.254675 -111.267650   -7.380700 -121.387250  -26.125400  -24.196650  -68.476800  -48.120675  -72.790850    5.039425   15.154325   -9.991125   -1.604875   -0.003075  194.139950  -11.544850  -36.449100    1.552050  -22.893325  -21.138325  -68.739725   -1.597275  -91.023575  -34.795425  -16.031400  -30.390150    2.948000 -104.142075    0.772075 -105.607800   12.426025  -91.620100  -60.815250  -25.674425   -5.754200   -8.041725  -52.200225   -2.478450   67.312325  -56.424575  -22.858250   -9.077500  179.905850  -56.096700  -85.755975    3.475925  -10.461375    0.132525  -57.983475    6.006275  -58.692950  -34.390900   -3.082150   -6.504900 
 903.065300 3474.291500  217.130700  231.267100 -293.865300 4054.260400  108.549200  -46.670300  376.320200 1792.891500 -132.789900   98.572000  352.795100 -266.363600 -204.415600  103.640100 -589.002000 -161.131600 -135.290900  -88.569700  -28.219200   34.202100  -10.441500   25.738600 -415.561300 -125.141900  -37.861500   -7.792900  -98.152600 -148.281200 -114.842700    3.244500 -161.229800 -236.423500 -150.826000  -39.321700  604.859700 -235.581400  -78.072100  -48.890800  275.839200  -46.950200 -178.357200   -0.240200 -186.881000   59.561500  -88.874700   16.326800  458.355500   41.865600  -42.248500   97.709000 -266.144600  -21.468500 -124.439000   28.456500  -85.831400 -225.528100 -121.244400   -1.788100 -118.725100  -33.239700    4.244000  -17.588800  311.274900  -17.622400   -5.187100  -10.217200  -23.282200  141.814800 -166.112400    8.338800  -22.677400  195.617000  -83.393400  -17.069000  256.418800 -105.151900  -43.728600   43.407700 -149.189000  105.244700 -165.179300   51.175400  -38.093300  179.499400  125.687300   16.437400  -55.449000  338.361400   68.011700    0.135300   -4.781800   -9.482000 -166.521400   29.301600   52.083600  -45.291300 -151.512800  -29.077900   53.016000   54.723800  -89.257700  -35.802300  123.536800 -106.894200  -64.982900   26.602900   19.989900   60.157500 -104.636100  128.997500  473.448300  -26.326300   44.485200   46.009800  119.214800  -64.310100 -278.199500   44.047600  313.006300  -95.235400 -180.365800    6.032500  218.210500 -154.030700  -66.134300    1.149900  -36.595800  -70.847600  -19.046400   -4.824600  189.451000  -70.844700  -30.610800   -1.549500   83.143400  -67.603500  -29.010800  -22.583100  682.528800 -126.276300 -206.652900  142.350200  113.597600   23.788000 -135.242800   71.897200  228.852400   54.095900   25.692800    9.454100  115.835900   -1.573500   -0.913500    2.484100  -54.021600  -31.735200  -92.936200    6.675600   63.396100  -89.493900  -82.603700    4.469700   64.423100  -92.491100  -15.424800  -85.579800  336.471000  261.316100  -76.206100   69.885400   -4.049700  292.961800   17.222000   49.250900   69.940600  162.107300   94.610300    2.664600  -75.398100  -19.773900    4.191000  -11.145000 -136.737800  -73.629400    9.691300   -0.352900  165.573500   28.918300   -7.103700   17.173300  157.205600   -7.583800   25.156200  -18.626800 
 -36.469350   25.483250  165.557350  -28.562950  -68.370650  108.549200  300.389100  -71.930650   54.569600  150.950750  166.011050  -80.286500  180.521050   54.389700   -7.838800   12.636050   88.631500   16.418200  -17.329450   26.400650   48.385900   16.614550   -2.670750   29.700300  -43.871150  -23.067450   -6.810750   -1.540450   68.332700  271.599900  122.979150    3.647250   -8.247900  108.028250   76.789500   -6.185350   -4.705650   13.695300    7.375450  -24.688400  116.524100  -12.059600  -27.815600  -12.812100   38.469500  -12.274250   -7.014350   11.091400  -19.484750  -19.228700   -5.024250   11.189500  -40.060800    4.105750   -8.834500    8.195750    2.092800   13.719950    2.778800    2.867450  -13.086050  -39.534350  -25.503000   -1.022400    5.191450  -39.355200  -23.342050   -8.923100   66.381900  -57.527100   25.354800    2.864900    7.322300   41.606000   19.481800    6.480500  -33.595100   31.130050    5.437200   15.475850   -7.237000  158.059350   27.892350   -2.795800  -80.722150  -68.978800  -23.940850    5.010200  -21.744500  -26.087800   -4.357150   -0.761850  -10.893900   15.469000   19.040300   -1.683200   45.797800  -49.113650   70.868100    0.564550  -11.517000    6.534900   28.489150   -5.049150   54.503900   -8.359100    6.989550   -4.107050  -13.488550  -32.248750   15.145950  -48.011250 -179.607850  -34.243650  -22.755400   25.290400  -52.667100   74.941450   22.045250   10.954800  -55.368850   47.755800   49.921600    3.076250   66.077750  -10.957350   39.327350    2.208950  -27.423400  -32.049800  -11.414700   -4.713300   94.255500  -35.381850   -7.353400   -8.002250   12.100700 -109.474250   -4.420900   -4.362550 -178.057600  -19.576150  -26.540450   19.382100  -37.085200   93.251500  -28.249400   12.863100  -51.509800   65.384450   11.011900    0.518050   11.254450    7.905750    9.038250   -0.271950  -45.729300   -3.077100  -21.327600   -0.098700   78.171550   -9.043450    3.241150    0.471850   18.650050  -38.244050    3.104600   -2.272900 -149.387000 -153.875950  -22.399050  -41.370800  -38.424350  -49.633600  -58.711500   25.441950   -5.756200   21.189150  -10.281850    3.563300  -49.822550   32.874050   -1.254500    3.375000  -33.856900   26.393800   13.203650    1.102050   74.389250   18.009650   22.983650    0.152150   -6.163700   -6.182400    6.890100   -1.911400 
  43.876025   -7.652375  -30.908025   46.355925  161.661475  -46.670300  -71.930650  174.803975   41.258600 -258.441125  -75.895075  174.397250 -289.020075 -204.741050  -49.113300   -6.832575 -105.709750  -19.953800  -12.039325   -6.646475   -7.736850   -3.030325    9.048625    0.858550   40.134725   31.560175   16.883625    3.207175  -21.360550 -111.280350  -24.306725   -2.635875   59.399850  -88.364875  -25.426750   27.055025  102.606475  -32.538950  -19.292175   81.915600 -171.105650  -13.421100  -41.209600   36.600150   14.888250   -8.588625  -14.138975    7.199900   28.689625  -11.115450   -2.383625   -1.079250  -34.605300  -61.583625   -2.498250  -14.391125    1.017300   17.933575    6.903300   -0.607675   42.512575   34.991025    8.167000    2.224100   63.861325   21.354300  -22.748425   19.039150  -70.128350   -7.279850  -54.505700   12.577150   48.363050  -96.031500  -11.161200   -4.578250   59.132150  -69.236075  -17.042300   -5.315775  -58.584500 -139.661025  -24.920525  -29.425300   65.788725   67.426700    8.418275    1.600700   29.156750   28.002700  -35.383775    3.692275  -10.478650   18.871500  -43.133950    4.138800  -31.512700   61.563475  -43.609150   10.082175   39.713000    5.904650   -7.004225   10.216725  -43.381350   -3.189350  -11.715325    6.234075  -47.596175   18.020625  -18.150425    8.336875  105.393775    0.300975  -61.321400    5.621400   21.430150  -39.146175  -30.800375    3.841800  -47.547225  -15.302200  -17.644400   -0.759375  -17.489125   14.443025   -4.510525    2.577575   65.535600   29.488200    1.481050    8.485950  -64.368250   33.129775  -20.294400   17.175875  -11.985050  120.633875   -3.020650   35.287325    5.173400   -9.512775  -32.342825    7.682350  -13.275700  -13.447250   17.229600    4.503350  -72.471800   -6.468175  -11.450850    2.441925   16.146825   -3.088625    5.907625    0.514425   63.359950   -5.539850  -10.739100    2.142050  -22.715825   -7.595825  -25.067225    2.715225    6.413925   43.027075    0.513600    2.819850  -55.342000  -35.374575   -2.090425  -36.372800  -31.506475  -45.050100  -45.530250  -10.891925  -60.974200    5.785775  -37.117725    0.411550   39.319825   -7.292075   -4.793250   -0.412500   60.145850   -7.271700  -17.843475    6.348425   26.566125    4.365025   -4.730975    5.618775   -5.437950   -7.900900    2.652850   -2.644900 
 128.331400  727.922000  117.131600   39.269800  228.973600  376.320200   54.569600   41.258600 1487.457600 -692.208000 -135.556200  200.341000   52.568800 -1084.416800 -251.917800 -103.206200 -695.566000 -174.340800 -132.269200  -79.233600  266.975400  150.489800    5.373000   51.291800   40.450600   11.887800   -2.172000   -1.605200  -19.438800    2.884400    9.187400   -2.669000  172.432600 -220.428000  -53.203000   -4.559600 1160.458600 -204.653200  -70.919800   -8.670400 -280.995400  -78.227600 -298.808600  -14.817600 -236.908000   20.792000 -114.733600   34.738400  450.529000   24.907800    9.517000   86.437000  -68.784800   22.497000  -36.792000   22.067000   11.031800   38.997200    2.587800   -3.382800  174.626200   37.391400   18.077000    5.100600  616.806200   42.113800  -51.644800   43.476400 -305.813600  315.002400 -172.446200  -14.820600  -44.276200  159.716000   35.990800  -17.737000  130.254400   45.777800   -1.331800   36.617600 -275.807000  428.213600  -42.518400   48.080200  122.379600   61.502200  -58.307600    9.956200  164.338000 -118.781800  -39.865400   15.356400  191.411600 -109.266000  -58.388200   17.665800 -142.878200  139.310600  -25.716400  -18.495200  101.453000 -143.730600   60.027400  -42.777400  206.013400 -152.684600    3.934800  -23.404800 -199.128800  -28.450000   -8.056800  -76.500000   53.785400  -33.409400 -164.477400    9.937400  183.182400  -96.368800  -85.981000   31.523800  149.714400 -108.810200 -161.360400    0.195000 -122.761000 -138.696600  -78.933400  -11.643800  141.729600 -171.583800    6.956800  -13.309800  238.318000 -133.498600  -67.915400  -12.006000 -131.050800 -337.008000  -47.750400 -105.572800  -99.190600   -6.784400  -58.975200 -110.947400   68.098800  -12.196000  -49.541400   17.978600   13.186200   -9.690800 -176.473600    9.735800  -25.975800  -19.518000  -61.628000   -0.414200   77.979200  -25.312600  -48.945600   -3.982200   69.211800    4.096800  -84.895600   -5.441400  -75.377200  -54.166800  -25.907400  -41.147400   53.563000   19.321800   38.243200 -239.384800  -41.493600 -122.541600 -103.344000  -25.940800  -41.437200   10.477400 -109.223600    1.799800   -9.362800 -107.773200  -50.737000   -1.425000  132.618600 -143.247200  -70.215600    0.649800  120.078000    0.730400  -47.230600   -1.194600  -58.542200  -10.844400   -3.179400    1.901600 
 -26.493875   45.103125   34.363875  -53.943375 -421.958625 1792.891500  150.950750 -258.441125 -692.208000 3398.279375  195.376625 -367.783750 1389.356625 1914.217750  336.176500  222.064125  119.186250   64.544000  120.900375  -28.601375 -752.013250 -161.834625  -13.766875  -86.815250 -498.607375 -114.392125  -52.946875   13.262875 -169.619750 -463.160750 -150.677625  -29.149375 -504.331750 -362.764375 -117.943750  -88.073875 -843.108625 -218.012750   87.842125 -254.348000 1081.635750  -55.649500  382.653000 -112.248250 -190.448750   -4.708125   94.486125 -114.404500 -337.731875   63.374750  -21.428125  -30.876250  145.651500   44.741875  -73.266250   77.479375  -77.906500 -251.904125  -95.896500    0.799625 -441.934125   20.296125  -36.710000  -20.350500 -576.470375  -20.671500  121.740875  -91.433250  508.714250 -226.583250  212.508500   39.606750 -260.502750  287.212500  -61.369000   -5.816250  -51.878250   57.936625    0.801500  -46.659875  449.212500 -193.291125  -43.653625   22.921500 -206.327375 -164.688500  174.427375   -4.383500 -296.566250  295.381500  194.455125  -33.192625 -149.769250  167.642500   37.887250   -9.074000  291.558500 -277.263625   31.353250   10.502875 -255.170000  248.919250  -83.895125   56.202625  -42.685750  102.519250   20.240375    3.908375  273.577125 -156.111875   37.935875   75.709375   73.384875 -147.316125  383.852000  -25.737000 -214.488250  -23.062875   28.408125  -41.254000  284.359875  -10.579000  135.917000  -14.221875  313.909375  -88.103875   46.926375    1.940875 -426.048000   -8.076000   -0.882750   -4.787250  -41.436250   -6.105125  193.442000   -6.515625  197.967750   26.054375  101.535750   85.739625  842.733000 -247.254875   31.692875  135.145750   70.003500 -187.006250    9.262000  -32.209250  374.099000  -31.737875  299.496750  -17.698375    3.912125    6.016875   48.723125   -1.330875 -316.432250   13.441750   78.475500    0.402250  -77.752125  -29.737125  247.654875   -1.749875   70.456625   16.258375   55.427000   31.818250  782.210000  432.234125   -2.254125  516.889000  307.008625  465.605500  446.328750   61.163375  324.821000    7.164875  317.222375   -4.905250 -214.602875   66.081625   31.553750    1.947500 -345.196750   57.958500  191.623625  -10.945875 -191.284375  -97.598875  143.146125  -12.400125   14.142250  -36.600500    8.663250  -16.085500 
-122.649925 -325.357125   16.813925  -33.438225 -124.912575 -132.789900  166.011050  -75.895075 -135.556200  195.376625  310.763775 -134.713250  243.983775  318.137850  157.626100    6.041275  129.335750   67.549600   32.651025   10.617575 -146.668550  -30.276975   -4.344125  -20.250350  -94.982825  -30.190475  -11.314125   -3.369475    6.284350   64.710950   30.356825    1.587375  -49.342450  103.805375   60.974750  -11.287925 -186.687575   56.632150   75.809475  -45.425200  116.571050   -2.046300  104.673200  -25.432550   13.564750  -24.805875   35.280075  -17.313300 -151.341125  -11.562350   -2.305875  -16.732750  -14.449900   -3.095875    2.665250    8.171625   -1.399100   10.996725    1.843900    2.547975  -59.246275  -31.539925  -33.774000   -0.659700  -73.730025  -67.118100   15.640725  -19.345550  112.596950 -105.862550   80.196900   -5.981550  -17.476850   -7.249500   18.170400   -4.199750  -40.641550   20.070775   26.099100   -5.534325   72.926500   17.599925   38.086425   -6.764900  -79.870825  -63.243900  -20.478175    3.708100  -64.949750  -19.320900  -19.578325   -0.981175  -35.292950    3.884500   37.067150   -5.479600   23.330900    1.328425   57.240550    7.415525  -53.186000   74.435950   25.764325   10.008175   -1.167050   36.588950   30.858025   10.788225   -8.397525  -42.498125   25.489725  -25.979375 -194.861675  -28.299075   49.508800   19.946200  -69.472550   75.142475   56.503875    5.714400  -48.509675   52.142400   51.634800    7.456875  -13.542375   48.151075   18.856425    3.663725  -66.520200   26.465600    0.407150    3.713850    4.510250   10.611325   28.889800    7.707625   -7.779150  -19.433375   14.291050   52.107975  -99.637800   -8.875325   70.245525   27.520050   -9.458100   32.398250   36.146800   -0.646950   -6.489400   21.076475   31.414450    0.399775  -30.353525    7.014125   -7.357125   -0.052725  -37.184150    1.172450   15.424700   -0.989850   33.541525   -5.198475   51.050325   -2.186325  -16.259225    7.687225   11.843800   21.477550  -24.831000   -5.874725   26.094725   75.947600    8.247575  -32.583300   51.124250   11.125225    0.061400  -34.695675   11.438825    2.463650  -59.499525   29.132775  -10.244750    2.827500    4.640550   24.873900   49.896575   -0.625725   15.863375  -26.967925   29.049075   -5.201675  -45.444850   -8.269700   -0.338450   -2.981700 
 106.402750  121.358750  -30.747750   45.866750  156.022250   98.572000  -80.286500  174.397250  200.341000 -367.783750 -134.713250  398.597500 -386.838250 -483.255500 -126.113000   90.776750 -370.902500  -87.508000  -50.490750  -38.487250  -43.693500   -2.690750   10.268750   -8.264500    4.149750    7.399250   10.963750    0.174250  -42.335500 -165.543500  -39.104750   -5.341250   -6.366500 -160.781250  -45.392500   13.667750  216.442250  -77.629500  -34.314250   99.266000  -74.586500  -20.136000 -100.676000   73.336500  -78.652500  -14.678750  -46.262250    6.954000  100.428750  -23.034500   -5.293750    1.402500 -107.353000 -113.243750  -24.642500  -22.993750    1.078000   23.858250    8.813000   -1.514250  -15.661750   64.562750   16.835000   -0.659000   89.190750   45.738000   -6.976750   20.236500  -50.048500   20.221500  -87.977000   21.431500   32.300500  -64.070000  -21.747000   -2.132500  141.831500  -92.388250  -22.933000    0.949750 -148.995000 -134.752750  -52.107750  -30.473000  100.244750  101.292000   15.650250   -1.363000   -4.797500   36.967000  -23.990250   -0.254750  -14.406500  -22.860000  -44.079500    5.313000  -35.577000   67.297250  -54.731500    6.829250   56.145000    9.266500   -9.299750    7.434750  -13.503500  -26.528500   -6.215750    9.323250 -105.759250  110.718750  -24.996750   37.336250  180.720250  -20.167750  -37.069000    4.829000   20.436500  -39.949250  -35.536250    0.853000  -24.239750  -30.142000  -15.669000   -6.861250  -33.953750   -3.712250  -22.202750   -1.856750  102.401000    9.717000   -4.204500    7.544500   15.042500   16.235250  -31.324000    9.486250  -52.700500  148.841250  -21.761500   36.755750   95.149000  -21.850250   -6.680750    2.408500   -8.762000  -10.237500   46.311000   -2.301500  -86.923000  -16.334250   -5.253500   -1.408250   -9.759250   -6.873750  -11.251250    0.311750  107.274500  -10.763500  -27.506000   -0.179500   65.479250   -8.570750  -49.054750   -2.995250  -23.843250   41.168250  -16.299000  -10.366500   37.890000   64.706750   15.258250  -56.003000  -38.547250  -38.476000  -38.892500  -19.046750  -72.652000   14.420250  -52.719750   -0.464500  -21.859250  -32.288250  -38.337500   -0.405000  132.883500  -26.767000  -53.247250    6.351750  191.568750    8.522750  -19.122250    7.035250    9.815500  -12.104000   -4.561500   -0.639000 
-255.429925 -277.447125   73.243925  -96.608225 -445.272575  352.795100  180.521050 -289.020075   52.568800 1389.356625  243.983775 -386.838250 1930.463775  833.432850  204.896100   73.166275  -99.204250 -116.140400   -0.268975  -67.282425 -531.523550  -31.886975  -15.259125  -63.950350 -195.402825  -34.540475  -38.069125   14.285525  -73.390650 -155.684050  -35.428175  -14.247625 -336.592450 -208.049625  -38.665250  -62.902925 -325.492575 -161.802850  100.774475 -223.420200  886.261050  -45.471300  221.738200 -122.442550 -351.245250   19.539125   -2.774925  -79.753300 -289.136125   73.972650   12.914125  -20.462750  317.755100  187.389125    5.820250   60.516625   -8.019100  -14.703275  -18.931100    3.572975 -292.791275  107.815075  -24.089000   -4.494700 -265.215025   10.141900  128.415725  -47.405550  306.566950  -53.232550  147.581900   33.993450 -345.546850  363.270500   -7.509600    0.510250 -163.146550  133.135775   58.564100  -41.499325  345.921500   54.629925   65.291425   -8.454900    1.354175  -52.538900   94.981825    6.928100 -171.534750  117.129100  116.826675   -9.001175   41.807050   17.319500   89.082150   -1.089600  199.620900 -238.431575   77.555550   22.550525 -224.741000   35.665950  -43.470675   25.718175  104.157950  -67.316050   18.483025   -4.216775  160.487475 -391.938125   64.819725  -64.594375   -8.976675 -127.749075   99.603800   40.856200 -115.862550  -38.677525   51.643875  -15.595600  268.230325  -37.412600  121.074800  -13.838125  133.942625 -125.473925   -5.438575    1.688725 -341.675200 -121.004400  -19.697850  -12.136150   73.235250  -59.933675   92.519800   -0.252375  172.110850 -179.528375   60.641050   60.592975  222.867200 -147.145325   -9.024475   13.405050   36.916900    0.323250   -0.488200  -16.131950  220.950600   24.551475  147.439450  -11.970225 -103.738525    3.604125   -7.807125   -2.237725 -318.754150   13.567450   49.399700   -0.439850   -3.193475   45.341525  164.830325   12.428675  120.990775   60.322225   38.118800   84.857550  430.424000  202.610275   61.379725  214.642600  217.432575  125.476700  287.124250   30.040225  188.601400  -87.550675  136.343825   -3.696350 -190.554525   20.142775  -59.054750   13.982500 -202.349450   33.338900  105.676575   -3.300725  -94.221625  -48.712925  122.784075   -8.626675   -4.659850   15.560300    4.851550   11.073300 
-352.708950 -1082.714750  -99.815050 -125.610150 -312.406050 -266.363600   54.389700 -204.741050 -1084.416800 1914.217750  318.137850 -483.255500  833.432850 2293.849900  485.015400   47.657850  797.240500  379.754400  257.809350   41.931050 -808.759700 -210.707650   -8.487750 -139.144900 -292.734550  -45.771650  -24.867750    7.027350 -104.684100 -341.806700  -96.434450  -24.141750 -296.879300 -139.934750  -24.418500  -46.480950 -1364.316050  -47.009900   97.272650 -191.602800  599.334700    6.206800  530.044800 -106.240700  173.616500  -24.477250  213.626050  -96.656200 -765.685750   26.287100  -12.307250 -106.003500  193.806400   95.747750   35.653500   40.937750  -31.287400 -104.150850  -36.325400    7.536650 -294.732850    5.606050  -81.746000   -2.095800 -822.830350  -59.073400   63.545150  -88.172700  489.167300 -450.315700  326.861600   -9.526700  -89.875900 -123.873000  -15.974400  -15.576500 -262.786700    9.690850   21.387400  -75.615550  525.401000 -389.956050   86.569950  -32.463600 -159.601550 -173.154600   70.945550   12.293400 -262.831500  141.897400   57.638450  -14.616450 -225.801300  247.988000   61.210100  -21.609400  258.117600 -200.007050   93.997700   46.687350 -257.139000  286.258300  -32.894450   48.469450 -224.088700  261.495300   51.987350  -19.789850  330.389650 -171.568750   80.786150   -8.421250 -215.998450   -5.147050  246.638200   -7.333200 -333.355700  116.649650  126.499250  -46.638400  -94.960450  133.238600  211.132200   -1.988750  209.221750  156.250050  118.349950   28.682150 -424.967800  226.583400   20.325100   20.438900 -309.021500  178.313550  163.412200   16.151750  248.581900  165.982750  107.654700  101.311650  287.270800 -102.104550  123.657350   15.260700 -109.218400 -145.564500   29.840200  -50.447300  143.928400  -37.034350  248.467300  -15.453150   54.420650   22.767750   84.095250   -0.253150 -329.363100   53.324300  136.300800    1.922100 -283.223650   44.996350  233.309550   10.446450  229.095850  100.086150   74.303200  103.675700  399.101000  225.543850    2.486150  407.891400  237.706050  324.738800  329.174500   39.843150  262.824600    7.790550  274.298550    0.081100   -5.003350  135.123850  109.673500    5.660000 -476.737300  113.974600  152.017050  -12.500150 -464.452750  -68.240950   85.512050  -15.858450   70.167100   48.024200   16.536700    2.016200 
-115.461700 -389.708500  -43.057300  -31.691900  -89.358300 -204.415600   -7.838800  -49.113300 -251.917800  336.176500  157.626100 -126.113000  204.896100  485.015400  264.358400    0.586100  142.533000   89.247400  104.125100    6.288300 -270.496200  -69.196900   -2.741500  -47.635400  -90.969300  -21.515900   -3.991500   -6.516900  -33.863600 -124.193200  -31.189700   -4.945500  -58.807800  -34.523500   -2.881000   -9.878700 -266.768300   13.219600   75.551900  -48.363800   65.626200   -3.912200  193.160800  -32.467200  -41.611000  -26.958500   55.963300  -26.725200 -207.689500   -2.893400    5.566500  -25.286000   21.754400   10.791500   33.981000   -1.378500   -8.015400  -24.194100  -13.653400   -0.409100  -58.086100  -10.976700  -19.151000   -2.831800 -105.481100  -35.736400   45.901900  -14.164200   84.845800  -90.032200   88.833600    0.081800  -62.996400  -56.733000    4.062600   -6.554000   -6.073200   -8.195900   32.325400  -11.790300   96.286000  -86.093300   42.492700  -19.745600  -52.496300  -24.686600   38.735300   -5.223600  -49.709000   39.790400   17.253700   -3.031700  -21.364800   46.298000   25.839600   -1.232400    7.139600   47.490700   20.804200   20.853100  -78.869000   95.406800    7.825300   25.204700  -34.650200   49.958800   31.238100   12.101900   17.593900  -10.477500   20.577900   -4.657500  -36.723700   -9.794300  128.647200  -15.202200  -37.017200   14.263900   43.545500  -11.731400    4.129300   27.495600   38.666200    3.092500  -63.449500   63.322300    8.477700    1.848900  -84.148800   56.961400   10.599600    9.489400  -51.784000   41.658300   48.946200   16.485500  -20.637600   59.511500   23.036200   54.705900   73.211800   -1.499300   58.898100   40.707200   17.488600  -47.182000   43.784200  -22.040800   52.611400  -37.715100   44.215800   -3.584900  -56.215100   -2.753500   -8.788500   -0.399900  -32.647600    1.832800   50.626800   -0.613400  -18.872900   -4.952900   70.674300    3.661700  -25.615900   18.372900    9.052200   35.692200   33.811000   84.762100    4.822900  146.184400   55.923300   28.664800  107.732000   -2.675100   30.376600  -67.849700   39.088300   -2.444400  -17.394100    7.247100    5.546000   -1.195000  -23.900800   -5.513400   76.119300   -3.621900 -117.516500  -52.493700   24.219300   -3.743700  -38.223400   -7.681800   -6.726800    0.965200 
   6.707575 -115.074625   -4.848575   -5.360725  -38.880075  103.640100   12.636050   -6.832575 -103.206200  222.064125    6.041275   90.776750   73.166275   47.657850    0.586100  164.818775 -136.489250  -44.665400   -3.956475    3.380075 -188.678550  -39.799475    1.173375  -29.145350  -81.350325  -18.432975   -2.746625   -1.086975  -24.705650  -93.084050  -28.080675   -2.080125  -79.232450  -78.477125  -20.785250   -9.580425 -175.670075  -34.002850    7.361975   -7.125200  195.796050   -3.921300   32.898200   20.292450  -20.590250  -20.098375   -0.767425  -12.833300  -47.983625  -11.712350    3.701625  -15.297750    7.580100  -45.743375    0.615250   -2.670875   -4.934100  -20.770775   -3.556100   -0.339525  -74.658775   35.652575   10.506000   -2.129700 -148.362525   36.111900   23.448225   -8.985550   78.511950  -57.227550   18.846900   19.733450  -12.026850    5.385500  -22.194600   13.420250   32.758450  -21.511725    2.909100  -13.431825   19.941500 -135.867575   -2.561075  -18.729900   19.126675  -22.923900   31.154325   -4.701900  -48.074750    4.169100   23.784175   -6.563675  -45.502950  -23.435500   12.852150   -5.524600   26.725900  -75.469075    6.960550    5.588025   -6.821000   19.030950  -14.303175   26.940675  -32.957050   -0.786050    2.780525   14.655725  -34.190025   24.569375   -1.992775   51.888125   39.695825  -90.476575   40.598800   -9.008800  -31.352550  -48.595025   16.456375  -10.900600    3.687825  -23.847600   52.954800   -5.490625   22.730125  -22.081425   19.853925   -2.758775   10.859800  -11.654400    7.467150    1.863850   -8.759750   -0.631175   19.139800    6.440125  -13.089150   98.659125    0.556050   62.090475   93.582200  -70.607825   43.268025   15.455050   26.216900  -24.346750   44.511800   -5.661950    7.115600   -3.801025   57.279450   -3.292725  -10.466025   -0.753375    8.855375   -0.260225   23.700850   -0.802550    9.964700   -0.904850   20.189025   -2.775975    5.302825    0.136175   -8.501725   16.899725   -5.186200   18.042550  150.544000   82.042775   33.942225   69.527600   47.805075   42.811700   63.459250    5.032725   31.021400   -2.963175   21.506325   -2.636350  -37.247025  -12.434725  -17.674750   -1.937500   10.935550  -13.126100  -16.395925    1.851775   56.575875  -13.475425   -5.748425    3.225825   22.000150   -3.294700   -3.933450    2.953300 
