9877.384775 1140.193725  263.626175  556.862975  527.184500  215.632525   66.169675   37.596950   -5.377200 1041.865425  -81.254825   57.056700  -95.323300  342.165875 -431.302350   87.451425  132.133925 -725.672275 -511.261925   92.321575  -69.198450 -919.311175 -325.167775  -55.995500 -340.537150 -449.020275 -110.507725  -31.259800 3659.663575 -1007.523350  -83.695475 -176.810350  -82.572875   39.545100   -2.770075  -42.758000  -71.380050  159.240950 -102.841350   12.488950   67.032850  -60.047650 -228.288425   84.996375  263.244100  -65.648250 -181.618950   29.253350   74.049950 -156.078825 -105.959550  -16.689975  -68.160650 -626.750125 -165.612300  -42.194975  791.769650 -108.067025 -173.901000    7.958525 -266.930375   -3.183200  -53.469150  -26.311625   18.347925  202.542450 -138.535225    6.466400   68.853975  -82.803625 -189.129400   79.643900  200.718850  118.993500  -83.468100   71.063950 -208.240650  187.799550  -27.410625   28.497275 -173.931700 -260.954550 -144.465325  -32.611925  334.867125   -8.811050 -113.033050  109.816875 -215.348925  -37.664650  -52.174750   -0.700375   20.062775   36.724300 -153.254700   15.163775  -23.233575   78.826600 -169.973250   42.952575   49.935850  192.132675  -71.540175  136.859150 -164.082875  221.091700   66.079050   30.865275 -191.598400   75.516150   62.780400  -51.282100  132.527125 -111.028400  -93.107575   84.567200  -53.101075  -71.708375  -75.057850    8.452500  102.685100  303.527950 -201.744800   26.649750 -101.939450  363.307775 -314.032625   47.792650  172.521125  104.954800 -170.967850   54.700325  242.556875  -72.016475  -22.153250    8.883100  -58.796200 -534.519175  -43.756975 -307.605350  -57.297025 -184.933400  -55.630275  -13.314350  121.089475  -32.985025  -43.929750    5.857400  109.945050  181.089700 -125.770375  256.472675 -393.900200  514.955650 -297.840900  225.108650 -371.251350  410.632900 -200.419850  138.998600  145.743850  318.970375  -48.712450  120.585025   23.300975   21.193175  -40.249875  -80.062375   46.960125 -298.536725  -57.448375 -286.351075  260.428650  -79.693850  -53.403025  -52.927025 -208.768600 -313.556000  -34.948100  -44.049250 -124.915825  -90.214975 -261.000700  206.966350  123.884025  827.561375 -364.380975  162.465975  496.669825  583.962200   82.547350   15.667525  769.282350  603.844700   53.803950  158.966700 
1140.193725 1178.747775  -42.776675  260.198525  137.350500   42.000975   -1.330175   46.136050  -26.260800   40.684075   33.134325  -16.193700   -0.088700  -41.098375   15.893350  -27.716925  121.360575 -204.806225  -36.372575    4.888925  174.800450 -170.668325   -7.820725   -3.294500  -37.983850 -126.233225  -10.368775  -28.722200  447.346925  -31.970650 -112.871025   99.116350  231.790375   -8.471100   -5.780425   42.908000  -12.166950   -7.567950   13.502350    8.634050  -19.738850  -29.678350  -19.986075    5.471125   77.729900  -22.566750  -43.524050   10.745650  196.798050  -81.721675   -5.182450   26.468475   40.379650 -296.817375  -81.404700    0.153475 -225.628650  -99.861475 -129.614000   28.924975  329.617875  -27.049800  -28.316850   35.394125  -23.128425 -129.149450  -41.031275   24.874600    6.377525 -119.843875  -33.031600   13.492100   47.535150   33.901500   -1.355900   -1.250950  116.149650  -92.962550   -5.941875   28.266225   42.468700 -290.792450  -74.015175  -16.717575 -453.049625  -50.505950  -74.308950   38.380625  420.614425  -32.731350  -22.415250   30.872875   16.900725  -44.242300  -47.733300    2.899725   12.088075   20.027400  -16.001750   13.862925  -58.706850   16.711825  -12.034325   31.021850   90.365375  -58.183700   12.212950   45.643225   45.562400 -116.950150   -2.694400  -10.796900 -505.719625  -58.702600  -54.862925    7.315800  495.375575    7.765875  -12.531150   36.962500   29.588900  -11.574950 -125.882200    1.820250    0.106450  -78.704275  -66.144875   -6.456650   -4.043625   67.587200  -30.611150  -21.084825  105.835625  -62.475025   -0.321750   -7.454100   21.803200 -190.470325  -11.309525  -45.463650 -527.561475  -35.937600  -25.863225  -32.929650  419.987025   19.716525  -14.265250   37.213600  -33.028050    9.888300 -103.007125   44.646825   81.562200  159.735350  -40.440100   47.687350 -143.137650  174.558100  -65.674150   10.175400   55.545150   37.252125   -8.665550   31.963475   34.245525   15.271325    0.037375   96.679875 -509.722625  -95.329775  -41.014125 -112.914425  456.972350  138.039850    4.169525   21.128525 -150.455400 -221.429000  -25.450900  -54.165750  123.415325 -213.366525 -130.602300  147.177650   -9.140525  299.616125 -137.050525   63.160525  226.065675  231.135800   45.541650   28.795975  310.181650  169.553300   16.689050  169.956300 
 263.626175  -42.776675  100.599975  -13.049425   41.571500   -4.337075    4.434475   -0.526850   -6.497400  -28.542775    3.962975    3.898900   -3.326100  -15.995125   -3.144950   29.134225  -14.778275    0.016325  -13.492725   25.606775  -24.403650    8.985025   -5.752175   -1.138500   -9.336550  -17.599675    0.808675   -3.116600  142.630775  -43.376950   41.456925  -24.285950    9.476125  -10.928300   -1.126275   -5.341000   -4.515850  -18.783850   -9.222950    0.777150    3.513450   -7.455050   -4.308225    0.163375   16.534700   -0.765250   -2.262150   -3.533050    5.504150    5.334975   -5.212350    0.290425   -4.876050   28.952875   11.820900   -0.044575   46.804050   -4.009425    9.648000  -10.110075  -15.586375   17.470600    2.949450   -5.617625   -3.580275   27.591650    7.036175   -1.511200    4.207575   21.078375    6.460200    3.496300    4.890450   22.224500   -0.957700    5.812150  -15.741050   27.937350    4.694375    1.713675  -10.298900    6.432650    4.779475    2.607275   30.581125    1.072150    6.193150    1.981875  -27.926725   13.060950    0.639250   -3.901375   -2.507825   25.563100    4.815100    2.954175  -19.795775   28.082200    1.114750    5.138775   -2.295550   21.830475   -5.132975   10.075550    5.671125    0.248900   -3.426150    6.549675   -6.842800   -9.320450    0.176800    4.219300   43.656125  -13.657800   -1.063775   -1.372600  -20.643275   -3.502375    1.801550   -0.237500   13.771700   23.835150   25.203400    3.005750  -14.710650   47.992175   10.395375   11.515050  -16.890875   24.911600   -3.443450   19.505525    3.941875   -4.360075   -2.295250   16.427700   -4.435400   -5.055975   -1.988575   22.779050   56.775575   -6.117800   -3.704675   -0.898950   -9.533925    0.124575    0.399250    5.885800   14.960850    9.114900    7.243625   26.480475  -44.603400  -17.533950   -6.250300   11.072050   -0.352950  -16.170700    1.267550    8.801200   32.850450  -19.838625    5.513350   -3.159575   11.431575  -15.111025    0.372125   29.579625  131.852125   10.340675   11.532625   13.151725  -24.582950  -13.165450   -2.221425    4.800575   -1.371200   11.168000   -1.372700    6.472750  -41.434025   30.005425   -5.376900  -17.162050  -41.191575   20.878375   15.213425  -12.483425   -3.127975  -10.107600   14.824950   -7.292075  -12.240050  -26.585100    6.682150   -7.106100 
 556.862975  260.198525  -13.049425  230.076775   37.480500  -17.082275   -3.622925   23.457550  -25.609800  -74.821175    7.261575   -4.649700  -21.369700  -72.722125   12.253850  -20.347175  -11.219675  -48.950475   -0.387325   -2.850825   20.518950  -87.255575   15.205025   13.895500  -27.729350  -81.677475   -3.839525    2.171800  145.407175  -63.045150  -24.134275   65.301850   91.904125    7.410900    8.449325   17.043000    2.154550   35.298550   28.627850    1.525550  -25.314350   45.791150   15.359175   -0.177625   21.931900   38.250750    2.559450   -2.339850   13.029550   -7.794425   16.379050    2.170225  -15.850850 -111.561125   -8.465700    3.665225 -111.383150  -19.623225  -25.639000   10.766725  126.321625  -14.298800   -1.542350   10.020375  -11.828675  -69.657950    0.177975    4.632600  -11.704225  -70.027625   11.480400    4.245100   43.674650  -13.278500   13.647100   -0.889450   48.604150  -37.859050   10.019375   10.925475  -31.200300 -154.210950  -22.537925    0.087675 -175.110875    8.360550  -10.437450    9.926875  160.374675   -0.516850    3.802250    6.831625    9.909975  -14.501300   -1.367300   -2.076025   -8.037175   -7.840600   12.210750   -1.581825   21.967650  -19.535925    3.933425   12.002350   41.764125  -20.574700    5.776450   18.672475  -22.985600  -24.844650   -7.676400    0.491100 -163.755875   -7.305600   -8.778175   -8.155200  177.655325    2.969625   -5.975650    9.097500   18.800900   17.141550  -30.043200    0.642750  -12.415050   24.999975  -19.378625   -7.411150    8.495125   28.753200   -6.370650   -1.942075   23.621875   16.211725    4.840750   12.907900  -24.550800   62.917425    3.772225   -0.298150 -118.988225  -26.805600  -12.802475  -27.419150  158.055275    1.364775   -9.502750    5.111600   -2.829550   26.207300  -29.393375   37.199075  -13.991800  122.610850  -21.688100   39.267850  -53.322150   91.461100  -10.758650    2.042400   46.409650   33.613375    8.137950    3.720225    0.288775   22.048575    2.456125   18.353625  -77.233875  -37.595525  -18.455375  -31.389675  177.987850   32.080350   -0.422225   -2.493225  -79.932400  -83.139000  -10.012900  -35.923250  -26.997425 -113.724775  -45.876300   49.202150  -33.208775   37.927375  -40.428775   20.203775   56.698425    1.284800    9.506150   -6.727275   21.246150  -84.092700   -5.819450   26.755300 
 527.184500  137.350500   41.571500   37.480500  376.640000   83.724500   33.666500   30.926000   45.009000  152.546500   -5.278500    7.391000   -5.714000   36.037500  -39.403000   12.536500   22.746500  -84.939500  -38.431500   20.918500   -2.946000    2.718500   -3.714500    2.430000  -13.087000   96.360500    5.449500   27.306000  116.893500  -86.123000   15.939500  -34.868000  217.162500   -4.327000    7.171500   -1.880000    6.586000   -8.509000    2.192000   -2.949000  -30.167000   14.903000   -4.976500   -7.642500   23.163000  -23.920000    5.779000    4.833000   61.076000  -44.728500   -4.949000    8.669500   53.478000   34.402500   15.586000    1.454500  -81.173000  -11.214500    3.795000  -19.130500  147.347500    9.999000   10.718000    1.282500   10.126500   43.421000   12.364500   -0.633000  -30.574500   31.777500    7.353000  -23.053000  -20.577000  -17.250000   -6.628000   -4.879000   39.178000  -38.321000   10.482500    8.469500   12.294000   17.166000    1.561500   -8.521500  -89.217500    6.586000   13.031000   -7.997500   99.938500   -1.622000    3.100000    3.417500    9.604500   11.504000  -14.651000    8.159500  -43.853500   25.513000  -16.590000   -8.376500  -10.552000   -4.838500  -12.566500   -7.633000   97.222500  -22.829000    7.574000    7.219500  -10.472000  -30.453000   -7.323000   -7.883000  -80.037500   18.693000    6.416500    0.431000   46.586500  -18.337500  -15.903000    1.620000  -27.722000  -71.919000  -30.204000   -5.265000  -13.246000   -8.440500    5.742500  -24.483000  -28.412500   62.864000    3.272000  -18.951500   59.597500  -46.260500   -1.790000   25.398000  -36.926000  -55.086500   -2.195500    4.912000  -88.649500   27.743000    4.320500    3.327000   22.865500   -6.529500  -14.215000    2.027000   -3.071000  -24.864000   -2.592500  -14.003500   10.139000   12.887000   16.893000   12.287000  -56.273000   38.277000  -17.608000    7.678000   -1.517000  -18.107500    8.759000    9.009500  -12.624500   -2.533500   -1.912500   36.982500   28.597500   38.169500  -15.552500  -14.673500   56.522000   12.522000    0.805500   -8.294500  -13.573000  -71.180000   -6.873000  -69.335000   40.301500  -41.100500  -47.151000   12.483000  -55.070500   96.867500  -29.850500   20.595500   37.798500   62.871000   39.083000   -9.710500  -15.737000   27.881000   -0.809000   -8.959000 
 215.632525   42.000975   -4.337075  -17.082275   83.724500  495.507775   55.191425   13.506450  -38.244200  730.079675   60.496925   -5.641300  -21.031300  300.149625  -47.460850    0.550675   -0.341825  131.774975  -41.761175   -6.297675  -87.847950   16.767075  -34.680525  -21.520500  -98.503650   28.161975  -20.539975    2.607200   36.809325  -76.766850  -36.805225  -16.928850  -62.106625  116.086100    2.094175   -8.168000   -8.005550  128.665450   -4.919850   -2.066550   68.221350   36.440850   -5.237675   18.540125  -43.924900   27.059250  -21.408450   30.216850 -105.280550   34.137925  -17.495050   -8.974725  -45.257150  109.658625  -16.285300  -14.864725  -87.863850  -29.812275  -35.526000    2.153775  -86.494125  155.294800    9.754350   -6.782875  -15.152825  305.631950   28.567525   -2.239600   22.433725   45.800125    0.916600    7.862900   15.517350   28.703500  -28.239100   22.318450  -26.352150  117.900050  -17.976875   -5.349975  -59.933700   88.774950  -26.473575  -16.776175 -118.371625  -15.301550  -22.718550   13.610625  -91.768175   38.638850    7.492750   -5.399125  -13.814475   31.432300   -5.331700   -5.948475   21.405675  -63.212400  -31.835750    2.388325   11.464350  -31.075575   -7.981925   19.965650    0.058375  -11.431300   -9.075450    6.563025  -40.657400  -76.287350   -9.035600  -11.363100 -135.666625   33.717600    2.951675   30.469200  -78.671825  118.372875    4.378650   -4.442500    7.161100  119.812450  -21.697800    1.952250   21.916050   95.275525   -5.188875   -8.160850  -37.837625   37.337800   -3.766350    7.398575  -11.949375   34.223775    0.714250   32.334100  -18.543200    8.504075   -4.631725   21.426150 -144.337275  109.067600   15.846975   16.657150  -93.860775  101.334725   -4.122250    4.541400  -30.944450   65.751700  -32.119125   24.259425    9.542800  -20.782850  -19.929900   23.485150   -2.189850  -22.093100  -13.818350    3.064600    6.747350   34.564125   -3.116950   -2.099725   32.535725   80.469925  -12.748625   26.283875  -84.088625   53.981025  -26.182125  -15.446825  -87.269850  164.152650   -7.928275    7.737725  -96.034600  157.949000  -10.629100  -46.746750    9.820925   25.605275  -21.122700   10.619850   18.769275   28.010125   -0.150725   17.365725   25.993075   41.704200    7.805850  -18.717225   92.055850  -37.003300  -15.461550  -17.786300 
  66.169675   -1.330175    4.434475   -3.622925   33.666500   55.191425   37.728975    1.306150  -14.430400  118.866725   57.732475   -6.413100   -8.988100   50.332375    6.211050   -5.046275    7.086225   22.627825   -9.097225   -0.192725   -3.546650    8.600525   -8.315675   -1.023500   -1.237550   34.721825   -3.537825    5.586400   51.781275  -18.185950   -4.999575    2.465050    3.218625   17.775700   11.018225   -2.241000    1.177150   15.234150   15.438050   -1.294850    4.817450  -11.836050   -1.197725    2.130875    1.213700   -7.345250   -3.225150    9.025950   -7.972850   -6.595525   -1.919350    3.748925   -3.212050   27.140375   -0.366100    2.073925   22.800050   -9.382925   -6.582000   -2.231575  -12.713875    5.577600    2.248450   -3.635125    1.859225   25.679650   11.614675   -2.680200   -7.795925   13.485875   12.479200   -3.207700   -4.675550   10.499500    2.253300    2.550150    0.342950   27.604350    0.801875    2.142175    0.073100   52.110650    2.613975    0.952775   12.243625   -5.264850   -5.343850    3.999375  -11.631225   12.694950    3.994250    0.306125    1.540675   38.765100    9.797100   -1.537325  -12.691275   25.301200    3.794750   -2.095725   -8.381550    7.364975    3.852525   -0.478450   16.268625    6.416900    3.625850   -0.146825   -5.903800    1.275550    1.227800   -3.389700    0.948625    1.441200   -2.414275    9.585400  -18.438775    6.125125   -2.757450   -1.062500   -3.054300   -9.541850   -0.848600   -0.229250    1.776350   -1.424325    5.952875   -5.263950   -5.668375   10.183600    0.152550   -0.048975   10.084375   -6.606575    0.004750    8.156700  -21.093400  -12.335475   -1.780075    4.370050  -24.707925   12.946200    2.491825    4.717050  -28.742425    3.071075   -3.890750   -1.688200    1.457850   -3.237100    0.166125   -3.000025    8.078600   -9.772950    2.463700    1.593050   -5.731950   -4.899700   -2.406450    3.055200    4.844450    1.513875    1.225350    1.533925   -2.986925   33.968475   -0.445375    8.072125  -48.550375  -13.550825   -2.209875   -3.198775  -26.161950    6.505550   -2.189925    1.722075    5.219800    7.208000   -1.541700  -18.182250   13.955475   -9.701075   -3.609900    8.366950   -3.783075   12.210875   -1.233075   13.348075   10.557525    6.995400   10.523950   -0.763575    7.513950   -2.332100    0.405150   -9.278100 
  37.596950   46.136050   -0.526850   23.457550   30.926000   13.506450    1.306150   18.313100   -8.677600    6.944650   -1.224850    8.543600  -13.186400  -14.619250   -4.571300   -2.317350  -19.892350  -18.101950   -3.066650   -2.083650   -6.330100  -10.808150    2.409050    3.151000   -0.164700    6.369050    5.236950    2.051600  -15.817650   -4.334300   -1.522550    3.409700   34.823250    0.405800    1.780650    4.721000    4.942100    8.725100    7.361700    1.674100   -2.174700   17.856300    5.546350    1.664750   -9.317200    5.606500    0.430900    2.464300    2.357100  -16.861850   -1.333900    0.971450    0.657300   -7.107250    6.221600    1.741450  -36.305300   -6.747450   -5.123000   -0.945550   40.713250    3.979400   -1.245700    1.400750    6.049650    9.412100   -2.143050    2.761200   -2.964450   -8.080250    2.234800    0.471200   -5.591700   -9.622000    2.465200   -1.735900    3.247300   -7.166100    2.123750    0.556950    6.046400  -14.748900    1.141150    0.798350  -46.136750   -2.265900   -2.956900   -0.076250   38.622350   -0.929700   -1.285500    1.538250    2.930950    9.184400   -4.142600    1.673950    0.562650   14.857800    1.881500    0.114350   -8.485700   -0.609850    2.689850   -0.949300   -1.761750    2.163600    3.699900    1.380950    3.652800    1.561700   -0.006800    0.903200  -44.566750    6.487800    0.885650   -4.282400   36.962650    6.334250    1.944700    1.780000   -1.484200    6.276100   -4.068400    1.820500    0.546900   -4.429050    1.762750   -0.196300   -5.599750   -3.646600    1.404700    0.348850   -7.756250   -9.110550   -0.358500    3.809800   -5.124600   -9.222150    1.510450    2.069700  -28.802450    8.302800    0.464050   -6.147300   29.589550    4.448550   -0.640500    4.064200  -19.782100    1.907600   -4.771750    6.415150   -3.141600    3.622700    0.857800   10.136700  -15.423300   11.103200    1.123700    6.823800  -16.131700    5.076750    3.007900    3.771450   -4.283450  -13.560850    2.992250    9.562250  -10.292750   13.424950    0.369250    3.957650   38.891700   19.206700    1.809550    1.407550  -25.013800   -0.603000   -1.744800  -14.201500  -17.397850  -27.198550   -5.470600   -1.201700  -17.566550  -11.325250   -4.136550    7.471550  -11.165150    6.902600    2.441300    2.441450   10.171300    2.622600    1.709100   19.373600 
  -5.377200  -26.260800   -6.497400  -25.609800   45.009000  -38.244200  -14.430400   -8.677600  209.909600   62.798600  -63.219400   28.004400  117.624400  217.608000 -107.250200   46.260600   35.185600  122.192200 -109.731600   34.905400    0.429600   29.687400  -70.968800   41.879000  -30.698800  -29.228800  -15.462200   22.741400   24.549400   -6.997200   10.764800  -14.886200  -16.442000  -22.331800   -9.092400   -7.481000    3.638400  -33.414600  -45.363200    2.431400   13.561200  -10.544800  -30.389600    5.494000   -4.383800  -28.629000   -3.136400    8.757200   14.418400    2.807600  -18.595600   11.650800   25.399200   -0.459000  -20.468600    6.800800   36.228800   -1.019800    5.838000   -5.942200  -28.397000  -13.627400   -5.627800    3.113000   44.808600   32.433400  -19.407200   20.704800    3.067200   76.714000  -32.265800   11.529800  -65.611800   -3.023000  -20.589200    3.796400   -3.745800  -49.989400  -14.430000    3.532800   21.015600   -8.330600  -33.875400    4.768400   27.433000   18.436400   -0.362600    5.270000  -40.220600  -31.493800  -11.647000    0.483000   -1.271200  -60.517400  -25.290400    0.505800   15.235600  -26.183800  -36.219000    1.992400  -18.702800    0.155600  -18.250600    3.217800   12.503000   14.809400  -11.895400   14.913800   21.251200   26.151800  -11.597200    8.127800   -3.767000   30.706200    4.292600   23.555400  -24.664400   -9.568000   -6.531200    0.390000   14.858200  -32.395600    4.686400   -6.973000   15.027600  -24.591200   -5.844000   -0.555200   -9.634000   -3.051400  -10.691200    7.225400   10.185000  -35.852200   -0.334000   -5.310800   26.811600  -41.163600   -3.623200    8.738800   17.270200  -10.738800   -0.393800   29.990800   23.958200    3.144200    3.053000    4.321800   38.346600   -6.479600   -7.312000  -18.439400   31.278600  -47.159200  -18.498800  -16.228200   10.421800  -32.622200   -5.270200    0.210200    8.818200  -62.833000   -8.278400   -2.049200    8.776200 -114.808400   -6.946000  -16.561000  107.734000  -27.150200  -11.113000   31.225600   76.456800    1.526800   -0.656800   21.605200    5.479800    6.773000   -2.914200  -12.621000   27.178600   18.315800  -10.307400  -35.291800  -24.236200   47.859000  -30.231200  -11.138800   12.329400   68.880400    4.310200    0.480800  108.740200   73.925400    2.561400   31.179400 
1041.865425   40.684075  -28.542775  -74.821175  152.546500  730.079675  118.866725    6.944650   62.798600 2469.981975  205.155225   24.842900   -6.787100 1619.296125 -201.129450  -46.586025  365.691475  516.902075 -216.732475   26.702025  -99.550150   -6.957225 -178.641425    8.396500 -305.982050 -108.133925  -81.542075    8.147400  722.546025 -168.596450  -93.511325  -53.485450 -344.500125  170.873700   -3.286525  -35.616000  -89.954350  276.097650  -71.797450   -5.126350  314.897950  -73.555550  -93.187975   71.609625  251.976700 -119.367750  -86.473650  145.156450 -226.684350   59.007225  -84.685850  -24.187825 -179.151550   72.519125  -91.790100  -43.247825  446.829550 -105.296175 -103.602000    6.421675 -390.667625  276.556600    9.888950  -16.046375   -6.620525  965.968150   73.865425    9.931800   53.185825  397.479625   -8.982800   29.679300   60.399950  -53.455500  -94.474700   79.313650 -140.966550  299.120850  -61.624375  -18.937075 -192.737900  301.799150  -67.168275  -35.057475  324.129875  -50.186350  -79.895350   68.623125 -407.176475  108.085450   -9.818250   -8.027625  -60.763575  235.939100  -55.108900  -17.391575   67.433975  -16.315800 -162.962750   15.189025  145.378950 -115.367275  -75.345225   90.976050  -68.830125   -8.102100  -44.242650   20.328925 -164.225800  -58.259950   -9.185200  -35.152700  212.179875  -15.930800  -48.884025  115.441400 -311.698525   80.256375  -14.242950  -12.232500   57.203700  151.866650  -40.887600    7.463250   49.327850  247.741425  -52.038375   14.115550 -125.512125   30.127600  -11.137950   77.253275 -109.136875   36.406675  -12.442750  146.704700 -121.509400  -32.898225  -15.871825   70.219550  -73.131175   34.969200   -7.203925   95.256550 -226.130675   77.227825  -23.508250   25.003800  145.544350   73.298900   -6.872625   68.282725   -8.607400 -107.653450  -26.203300   51.782550   34.202550 -150.647700  -21.441950   47.963200  -41.290050   25.662625   -8.823150   70.912175   42.449825  188.661225  -29.104125  202.478375  -22.109125 -189.610075  -41.923625    5.516475 -291.892450   74.805050  -22.868175   12.858825  -29.483200  163.768000  -10.544700   87.360250    8.758225   61.822175   -5.305900  143.357450   89.690175  118.209625    4.470175   49.964825  128.479775   87.056400   54.289450  -26.985325  257.534450  -30.636100    1.308650  -61.887100 
 -81.254825   33.134325    3.962975    7.261575   -5.278500   60.496925   57.732475   -1.224850  -63.219400  205.155225  246.635975  -37.654100  -63.384100  118.829875  163.344050  -64.547775   49.694725   74.392325   54.349275  -32.806225   48.994350   -7.362975    8.348825  -11.513500    5.194450    1.711325   -8.342325   -0.209600   38.122775  -12.482950  -16.374075   25.723050  -22.428875   22.952700   15.906725    0.244000   12.771150   36.908150   65.811050   -3.315850    9.369450  -32.509050   43.033775   -3.416625   23.555700  -12.075250   12.700850   17.832950   -6.133850   -1.657025   25.444650   -1.710575  -12.705050   39.417875    5.287900    2.904425   36.988050  -11.098425  -15.462000    5.328925  -31.436375    7.253600    8.945450   -8.512625  -16.352275    9.403650   62.985175  -20.112200  -18.701425   13.973375   81.751200   -9.454700    9.426450    8.099500   24.196300   11.689150   21.249950   14.740350   19.524375    6.357675  -18.140900   22.394650   21.417475    6.369275   12.091125   -7.315850   -6.019850   10.616875    0.960275   45.776950   17.704250    9.218625    7.521175  121.986100   49.268100    0.633175  -30.602775   74.138200   24.949750   -9.859225   10.060450    0.678475    8.769025    0.459550   43.986125  -28.709100   -0.073150    8.343675  -32.656800  -23.816450    6.245800   -6.521700   -2.613875  -10.786800   -2.740775    7.559400   -8.045275   16.102625   -0.959450    4.962500  -26.107300   -6.247850   -5.574600    3.005750  -15.222650    8.631175   25.800375  -14.840950  -30.610875   29.939600    8.050550   -6.002475    1.216875    4.328925   -0.520250   31.678700  -44.072400   63.541025   -2.164575   38.373050  -44.373425   -4.361800    9.031325   -7.009950  -35.812925    2.070575   -2.525750   -2.830200  -19.651150  -21.548100   11.668625   -8.031525   11.574600  -18.874950   25.750700   -4.093950    5.856050  -14.281700    0.816550   -6.477800   35.031450   -0.543625   11.001350   -3.625575   20.247575  132.961975   -2.867875   38.384625 -119.867875  -37.595325   14.997625  -17.615275  -42.793950    2.153550    0.799575   -1.208425    9.417800   -8.187000   -1.393700  -13.442250   21.658975  -38.570575   -2.583900   37.323950    7.337425   33.533375    4.662425   22.687575   58.169025  -29.870600   16.460950  -15.508075  -44.089050 -122.088100    2.419150  -71.369100 
  57.056700  -16.193700    3.898900   -4.649700    7.391000   -5.641300   -6.413100    8.543600   28.004400   24.842900  -37.654100   70.981600   15.711600   15.404500  -50.677800   64.755900  -23.159100  -21.466700  -47.339900   35.738100  -39.495600  -37.658900  -31.800700   19.466000  -19.028200  -36.790700   -1.833300    6.719600   30.929100    5.019200    0.359700   -7.506800  -14.705500   -3.860200   -4.181100    0.351000   -7.527400   -1.509400  -17.419800   11.144600   33.586800  -10.927200  -15.146900   18.123500   -2.088200   -2.581000  -15.114600   16.040800  -35.852400    2.783900  -12.763400    7.148700    6.038800  -31.913500   -5.930400    5.203700   16.118200    5.585300    2.242000    4.286700  -14.405500    7.076400   -5.149200    5.424500   10.302900   50.142600  -15.223300   18.977200   22.583300   15.583500  -24.256200   19.107200  -21.405200  -19.437000  -17.148800    5.464600  -48.906200    9.688400  -10.407500   -2.443300    3.788400   -3.873400   -8.118100    8.355100    7.689500    0.319600   -3.296400   13.962500  -20.535900   -9.183200   -5.688000    1.879500   -2.014300  -15.428600  -17.705600    5.628700   27.405900   -6.028200  -18.461000   11.791100   -3.109200    5.830900   -5.990900    9.409200  -46.315500   23.616600   -0.960600   -1.854300   -2.798200   25.155200    5.274200   -1.085800   -5.445500   -3.208200   -3.231100   14.420600   -7.649100   -2.239500   -2.011800    3.980000   12.429800   15.466600   -7.705400    0.183000   12.941400   -9.339300  -11.103500    4.977200    6.926500  -40.814600   -6.226800   10.108100  -11.802500  -31.838300   -5.286000    6.233800   -9.162600  -86.072900   -4.877300  -12.906800  -18.614700   -8.878200   -6.605700    8.851200   10.552300    0.256300   -4.438000   10.150200    6.942400   14.475600  -10.660500   10.805900  -10.844600    1.196200   -8.428200    7.910200  -13.509800  -32.580800    0.342200   11.292800  -39.430200  -10.239500   -6.647600    9.153700  -24.000700  -28.085100   -6.566500   27.423500  -20.561500  -27.480300   -2.009500    9.175900   12.500200   -5.684800   -2.587700    2.415300   -0.382800   -0.268000   -1.733800   12.826000  -10.482100    8.193700    5.486400    0.499800   -0.914300  -27.851500   13.175700   -4.480700  -26.845900   13.920600    4.282800   13.573700   42.357800  123.305600   -0.595400   68.351600 
 -95.323300   -0.088700   -3.326100  -21.369700   -5.714000  -21.031300   -8.988100  -13.186400  117.624400   -6.787100  -63.384100   15.711600  326.251600   66.594500 -119.012800  115.730900  221.000900   16.188300 -119.559900   96.433100  -36.130600 -110.218900 -103.285700   44.966000 -121.908200 -210.805700  -37.783300   13.234600   65.869100  -26.140800    9.089700  -13.336800  -45.710500  -16.655200   -9.156100   -6.914000  -21.322400  -68.464400  -59.284800   -0.810400  173.311800  -68.372200  -37.771900   21.338500  116.001800  -68.011000  -14.624600   28.210800  -68.302400   54.753900  -15.088400   -4.826300  -26.361200  -95.553500  -45.925400   -9.351300   63.748200  -14.234700    4.427000    1.831700  -71.870500   -3.538600  -10.234200    7.749500   14.717900   55.192600  -33.488300   25.517200   75.143300   46.133500  -67.576200   43.017200   33.854800  -43.832000  -27.003800   32.774600  -63.651200   94.493400  -15.302500  -15.678300  -40.956600 -103.598400  -56.658100  -12.344900   53.994500   10.319600   -5.061400   14.062500  -80.885900  -40.918200  -14.598000   -2.215500  -22.994300 -141.488600  -45.305600   -4.601300   87.345900 -112.688200  -60.801000   18.531100  131.415800  -53.979100  -25.555900   35.599200 -121.930500   -1.498400  -24.430600   20.425700  -69.188200  -37.409800  -24.815800   -0.130800   16.794500   19.851800   -9.441100   33.560600  -15.884100   -8.149500    3.833200    2.580000   46.924800   36.471600   32.224600    1.373000   42.196400   52.605700   -8.158500   16.762200   47.416500  -33.934600  -23.521800   39.933100  -70.602500   13.946700  -10.811000   24.273800  -62.907600  -50.532900   -9.607300   38.338200    3.245300   -8.283200   -7.355700   40.056200   44.677300    2.636300    1.427000   12.940200   65.987400   26.085600  -15.685500   43.935900   -0.999600  -27.233800  -52.828200   10.295200   77.335200  -72.105800  -12.737800    2.152800   -2.615200  -26.629500  -16.097600   21.348700   -5.735700 -120.750100  -16.541500   48.448500   60.363500  -91.835300  -22.014500   24.090900  106.670200   -3.824800   -9.097700   24.485300   -3.467800   35.907000  -10.673800   25.836000   -9.157100   53.533700   -0.863600  -58.535200   39.925700  -35.616500  -28.029300  -50.590700  -17.135900  -58.724400  -30.402200    2.243700   84.652800   38.785600   -6.250400   58.151600 
 342.165875  -41.098375  -15.995125  -72.722125   36.037500  300.149625   50.332375  -14.619250  217.608000 1619.296125  118.829875   15.404500   66.594500 2095.289375 -226.999750  -73.453875  346.428625 1326.126625 -355.093625   63.978875   11.321750  457.515125 -274.100875   82.667500 -192.367750   25.031625  -86.611625   22.097000  509.233875 -144.134750    2.119625  -49.524750 -284.224375   35.548500  -13.896375  -26.845000 -123.389250    6.805750 -124.234750  -15.199250   59.407250 -129.525250 -135.466125   -4.608125  317.923500 -152.051250  -82.590750   73.539750   23.050750   33.559875 -101.176750   31.692125 -112.110250  212.694375  -99.085500  -20.682875  420.145250 -141.462125   -0.505000  -51.915375 -327.526875  156.238000    7.592250  -17.933125   31.618625  731.783250   45.005875   33.154000  -15.857125  672.901875  -20.019000   16.606500   24.627250   67.232500  -99.933500   50.730750   -0.375250  165.741750  -83.788125    9.493375 -104.924500  608.113250  -45.287625    3.101375  328.000625    6.355750  -23.719250   31.684375 -380.533625   43.999750  -12.923750  -14.971875  -58.314125  107.190500  -85.944500  -18.369125   11.676125   24.746000 -206.091250   -0.691125  162.672250  -72.407625 -105.364875   49.817750  129.810625  -40.565500  -62.445750   44.728375  -65.404000   34.012750   -4.766000  -12.768500  302.465625    6.541000  -32.778875   79.182000 -318.691375   33.583125   -0.812250   -9.427500   14.248500   44.235750  -31.578000   -7.716250    9.241750  141.370875  -69.488125   25.475250 -107.359375   15.873000  -20.037250   67.267625   28.764375  -46.565375  -11.981250   71.903500  -25.037000 -120.034875  -18.402875   31.340250  102.987875    8.961000   -7.823375  125.965250 -163.714625   38.947875    0.126250   18.369000  182.739250   38.964500   32.183125  -25.427625   44.233000  -96.599750  -27.046500  -27.904750   70.510250 -100.548500    8.632750   21.541000  -71.942750  -65.968125  -18.608250   30.507125  -39.722125    1.619875  -35.454375   99.038125  143.885625 -172.446625  -23.941875   89.768625 -120.139750   41.902750   -5.777125   36.677875  103.709000  152.905000   -2.193500  172.463750   40.904875  168.237125   42.200500   79.129750   89.752125   54.521875   44.017125  -25.047125 -101.414875  135.137000   30.939750   -9.235375  287.494750  122.304500   31.610750  -15.075500 
-431.302350   15.893350   -3.144950   12.253850  -39.403000  -47.460850    6.211050   -4.571300 -107.250200 -201.129450  163.344050  -50.677800 -119.012800 -226.999750  327.959900 -111.623450   -9.978450  -41.682650  238.325450  -86.688550   84.507300   56.724950  100.999350  -50.423000   75.243100   62.864350   10.417650  -22.356800 -206.051550   18.118900   -9.388850   36.101900   60.262750   -0.433400    9.432550    8.397000   31.876700   33.377700   87.195900   -5.079300  -57.041900   -2.579900   94.606450  -19.001750  -46.504400    2.960500   48.009300  -28.713900   49.776700   -6.454950   58.739700  -13.175850   -0.037900   11.369250   39.188200   -4.685850 -116.068100   15.968850    8.844000   12.830150   79.982750  -19.731200   17.706100    0.970250  -35.449450 -105.483300   73.112650  -42.482600  -36.535150  -44.841750  109.499600  -25.077600   15.699100   37.126000   56.990400  -13.864300   71.837100  -63.569700   51.616250   -0.702350  -20.317200  -86.650300   43.401050   -4.814550 -101.422250   10.280700   28.073700   -9.128750  110.723450   32.928100   28.151500    9.472750   10.985650   65.953800   63.404800   -1.283350  -38.378450   12.925600   64.300500  -14.077550   46.471100  -14.735950   19.680950  -21.541100   86.137750  -73.492800   -2.232700   -8.539350  -23.509400  -65.824100    2.666400   -6.568600  -66.622250  -15.969400   24.652550  -38.464800   74.421550   -0.125250    4.501900    5.145000  -48.413400   -9.835300   -9.656800   -0.766500  -37.613700    0.460650   26.624250  -18.195100   17.421750   14.901800   22.756900  -29.376050   35.831250    3.435150    4.995500    2.499600  -28.669200   96.701950    5.542150   27.446900  -30.856150  -12.504400   20.114350  -43.142100   10.507850   -7.099150    6.211500   -8.571600  -22.101700  -16.099800   21.422750  -17.770950    8.636800   37.712900   45.855600  -20.584100   38.070900    9.846400   14.599900  -16.687400   41.344100  -10.282750   17.758300   -9.710850    2.741850  102.652050    3.260750   20.240750  -43.219250   43.953650   32.794750  -26.653450  -28.569100  -16.984100    8.317850  -16.596150   16.242400  -43.451000    3.490400    3.484500   24.643050  -36.700850    5.298800   54.094100   43.383150  -42.926750   50.488150   15.241850   63.105950 -121.544800   17.350100  -14.315850 -126.734900 -177.199800   -1.924300  -65.152800 
  87.451425  -27.716925   29.134225  -20.347175   12.536500    0.550675   -5.046275   -2.317350   46.260600  -46.586025  -64.547775   64.755900  115.730900  -73.453875 -111.623450  198.795975   18.633475  -87.198925 -100.444475  139.115025  -85.603150 -154.939225  -66.572425   37.046500 -107.868050 -218.844925  -19.246075    2.820400   88.309025   -2.655450   10.469675  -21.884450  -26.930125  -14.007300   -9.389525   -4.496000  -20.901350  -51.459350  -41.246450    8.646650   73.101950  -50.296550  -37.189975   33.144625   51.265700   -9.037750  -28.201650   50.655450  -57.001350   17.109225  -27.137850   12.083175  -21.152550 -111.545875  -33.297100    0.123175   64.910550  -10.807175   -2.482000   -7.012325  -42.932625    3.638600  -13.077050    6.018625   12.811475   27.766150  -46.578575   38.517800   48.419825   24.009625  -65.058800   36.685300   13.743950  -26.675500  -25.473700   26.396650  -72.562550   75.927850  -22.314375    2.913925  -11.235900  -22.007850  -31.336275   11.275525   47.034875   -5.888350   -7.407350   10.168125  -61.268475  -25.365550  -11.688250   -0.662625   -5.297575  -56.273900  -34.076900    9.889425   44.825975   -4.681800  -38.557750   23.232025   36.147950    8.419725  -11.882225   26.687050  -72.900125   39.540900   -0.500650    3.709925  -28.426800   33.366050    3.665800   -0.796700   38.169875   -2.651800   -8.757025   19.719400  -21.121525    3.546375    4.658050    1.417500   31.882700   62.479650   20.775400    3.798250   11.124850   33.172425  -26.968375   29.181550   45.362875  -40.385400  -15.896950   32.716275   -5.496875  -34.712325   -6.762750    6.933700  -49.797400 -114.120225   -9.220825  -20.249450   20.967825   -2.231800    1.210075   23.612550   16.403325    7.001825   -1.333250   16.374800    8.901350   37.871900  -23.827625   44.109725  -63.465400   -5.817450  -42.854300   21.223550   -6.556450  -40.836700   -3.085950   16.927200  -32.591050    8.297625  -13.121150   20.768175  -46.351175  -41.911775   -7.769125   39.193375   37.875875  -46.169075    8.226375   16.978475   20.248550    1.431050   -8.724175   11.937825  -37.497200   39.903000   -6.683700    9.020250  -45.494775   36.373175    5.326100  -53.878550  -49.043825  -41.585375    2.781175  -18.981175  -54.077225   27.909400  -15.641550   20.495675   81.413450  185.811900   -2.048350  105.970900 
