2894.961975 1108.455250   24.596325  359.542100  535.146500  196.980125  -48.892525  117.534950 -1129.523525 -320.037800 -110.820275 -101.147750  276.706925  -16.044850  -32.306225   10.028650 -319.269875  177.814975 -119.672950   -7.928750 -556.523150   82.391800 -112.037200  -16.789500  -53.304950    3.801550   -7.651500   20.479800 1653.387075  197.690175    0.958325  256.953275  244.963775  264.876800  -61.588425  164.811100 -1001.845225  189.121375   48.977525 -116.000825  -74.895000  -54.695750   81.668575  -12.319325 -155.224150  105.053625 -134.645700  -19.749625 -168.711325   38.698200 -101.146100   29.840675  -25.986650    6.189925    4.261225   41.503850  852.669600  100.768300  -98.421000   82.843650  175.831925  131.731425 -226.426750  100.666550 -380.140825  412.884275  167.604925  -51.521225   48.512350  -62.042900   15.130550   -2.883350 -300.971125 -105.422625 -222.690275   -3.174175 -152.161225  -50.484725  -75.161150   19.903500   45.103375   94.442200   18.156575 -112.845550  410.287125  264.908375 -403.606800    9.180500  214.620900   51.016350 -335.951250   60.794750 -113.230550  125.440750   51.201625  -30.191325  100.354850  -17.558975  -85.708225  -27.598750 -216.904250   -0.297550 -206.807475   14.555975  -43.296925   45.973750  -21.238150   40.086925  -89.696575  122.222375   63.245325  -97.907575  134.872575  267.618425 -483.085525   21.945375  286.339275  327.745100 -168.833425  152.573900  -59.689375  268.896275  -19.199800   48.513400    0.019800   16.893825  -75.579675  -38.658100 -130.174000    0.320075 -113.498775   -7.874150   40.958850   21.072375   37.957450    4.784975 -224.939325  181.917975   62.428975   35.979975 -450.198325  184.099300 -182.707825  -90.078500  180.615150  353.948550 -188.440725   93.056925  -70.329575  197.779750 -171.495600  -13.755175  -95.930750    2.143600  -46.270450  -91.894650 -138.040925  -11.378000   13.027450  -26.702925   74.411475   27.604075  173.286050   -3.404800 -251.883225  131.779700  -83.679750   29.760675 -518.058700 -349.927875  -85.302475 -312.422000  -95.613975 -255.263575 -306.619025   22.937125  -95.917650  -22.089950 -152.544825  -44.457025  -78.187500 -142.871225   21.683275  -95.677300   13.045150  139.886025  295.680425  -44.062500  -70.873075   48.370125  211.175675  -23.633225 -238.592950  -99.368950   62.205800  -12.853750 
1108.455250 1130.247500   15.581750  318.469000 -258.075000   99.883750  -31.734750   38.555500 -651.799750 -174.962000  -58.987250  -71.257500  215.570750   -7.841500  -12.807750    7.223500   24.013750   50.965250  -41.365500  -16.807500 -117.248500  -18.758000  -42.103000  -36.050000  -12.195500   -7.825500   -4.065000   -6.923000  730.104250  344.043250   12.631750  272.092250 -101.217750  239.342000  -18.865750  177.249000 -571.072750  108.436250   14.124750  -42.036750   -2.930000  -90.647500    3.799250   -6.976750  -11.928500  -10.671250  -92.738000  -12.093750  -26.001750  -27.137000  -43.539000  -49.766750  -64.183500   20.625750   -4.602250  -44.423500  360.324000   37.607000  -75.350000   72.463500    5.510750  108.030750 -131.762500  128.649500 -159.491750  238.407250   29.340750   16.662250   27.221500   31.004000  -22.510500    6.078500 -187.253750  -16.643750  -83.632250   28.911750  -31.537750   14.802250  -16.403500   35.275000  -99.318750   99.568000   -6.100750 -110.834500  137.478750   24.131250 -253.237000   -4.515000   43.246000   -4.753500 -147.092500   12.262500 -140.429500  134.557500    8.688750   35.328250   -1.513500   60.269750  -61.972750   38.527500 -105.622500   39.740500  -77.020250   36.105250   39.164250   37.852500    4.951500   66.615750 -122.064250   74.611250   11.256750  -70.959250  -28.225750   22.790750 -278.714750   -3.058750  130.072250  157.524000  -36.095750   27.361000  -96.956250  140.372250   53.633000   -2.264000  -83.938000   71.996750  -53.713250   61.366000  -51.075000   60.739250  -45.082250   51.046500   46.301500   20.421250   13.010500   17.390250 -124.046750   85.260250  -59.334750   38.615250 -360.951750  126.107000  -82.366750  -40.695000  137.418500  232.484500  -16.467750   41.435750  -84.909250   91.492500   40.566000  -31.913250 -117.312500    8.234000   23.744500  -30.523500  -74.910750   31.625000   -2.314500   21.774250    2.790250   27.594250   45.064500    7.553000  -43.717750   83.858000 -136.032500   39.298250 -409.463000 -253.216250  -41.280250 -244.770000  -41.285250 -202.074250 -135.979750   -2.736250  -97.298500 -107.105500  -85.291750  -19.579750 -119.765000 -116.682750   15.437250  -64.182000  -87.006500   91.149750  140.820750  -30.625000 -126.569250   55.993750  109.388250  -15.287750  116.164500   26.144500  -16.988000   11.537500 
  24.596325   15.581750    6.691775    2.094700   15.060500   11.343375    4.209825    3.304650  -19.627175   -5.819600   -2.639425   -2.024250    2.900975    0.546050    1.168925   -0.734450   12.883375    6.147325    1.689350    0.053750  -14.742050    5.442600   -2.865400   -1.746500   -1.634650    4.285850   -0.205500    1.478600   26.912025    4.418725    4.150775    1.125425   10.638925    3.907600    1.478525    1.722700  -18.054075    4.822125    1.355175   -2.198275    2.990000   -4.140250    4.557525   -0.557775    1.430950   -2.897125   -4.504900    1.235125   -8.626775    5.302400   -2.032700   -2.547775    4.773450    3.381975   -0.383925    3.151950   22.397200    0.028100   -2.997000    1.480550    4.680975    0.702475   -2.022250    1.665850  -14.338275   11.747425    7.131975   -1.686075    4.546450   -2.070300    1.523850    0.201550   -0.365375   -4.865875   -3.854425   -0.111725   -3.266075   -3.240575   -1.538050   -0.170500    6.116125   -6.819600   -0.371475   -1.508850   11.877375    0.896125   -9.002600    0.513500    4.291300   -2.955550   -4.703750    1.748250  -13.993850   -0.909750    2.388875   -1.301775    7.438950   -1.975325    0.214925   -1.306250    0.000250   -1.152850   -5.689825   -0.230675   -0.425975   -1.578750   -1.112050    0.325975    4.256475   -5.540875    1.694775   -5.410525    4.305525    3.536475   -7.951175   -0.189875    4.587425    4.785700   -4.521475    5.517300   -5.983125    3.136425   -1.473600   -0.026200    3.193600   -2.510725   -0.145225   -2.901700   -0.873000   -1.421975   -2.948925   -1.529050    1.056950    0.504125    2.167150   -0.097675   -5.932775   -1.371675    5.615325   -1.687675   -4.985775    6.755100   -2.002275    0.680500    6.001050    4.934850   -4.962575    5.565975   -0.404525   -0.861750   -4.104200    0.776275    3.264750   -6.449800    0.801850   -3.257550   -1.443975   -0.536000    0.722150   -0.992975    3.417825    1.756025    6.322350    0.081400  -12.685075   -0.632100    1.931750   -0.192775   -3.540900   -4.947625   -2.034825   -3.849000    3.214675   -0.052525   -5.960675    7.227375    0.061450    4.545350    2.463725   -0.171675   -0.237500    0.858925    9.520425   -4.116100    2.101050    8.064675    8.600475   -1.062500   -2.104025    3.843375   10.412225    0.464925  -16.485650   -8.992650    0.870600   -0.526250 
 359.542100  318.469000    2.094700  133.631600  -88.011000    0.694500  -10.619900   28.250200 -223.930900  -57.443800  -19.028900  -22.149000   15.252300  -11.505600   -2.510100    0.175400   31.714500    8.220100   -6.868200   -6.430000  -25.312400  -14.987200  -16.891200  -10.837000   -5.390200   -9.956200   -1.529000   -5.104200  198.861700   95.834300   -1.998300  110.906900  -30.740100   61.692800  -11.956300   73.850600 -187.329100   25.739500    0.389900  -10.761700   -9.925000  -27.147000    0.900700   -4.542700    3.791600   -8.844500  -29.567200   -8.276500   -8.884700  -11.922800  -17.645600  -16.782700  -25.478400   -5.874700   -1.809900  -22.740400   71.241600   -0.183200  -19.786000   25.465400    9.117300   28.929300  -48.823000   53.213800  -53.486700   70.092900    7.665300    5.159900    7.710600    2.756600   -1.642200    3.708400  -61.185500    2.725500  -24.808900    4.131700  -12.420100   23.268900   -7.625400   11.581000  -47.783500   32.836200   -2.746300  -25.472800   12.196500   -3.858500  -58.782800   -3.502000   20.256400    9.069600  -32.880000    3.181000  -31.537800   45.152000   -2.386500   24.210300    9.375600   12.390900  -18.057100   13.955000  -29.033000    7.260200  -26.515100    8.281100   13.467700   12.785000   -0.287400   18.922300  -41.033700   20.590500    0.453700  -17.504700  -10.800300    0.596300  -65.447900   -6.731500   46.512900   35.354600   -7.791300   -4.295600  -24.652500   29.724900    9.079200    4.696400  -16.324200   13.749700  -25.601300   28.382400   -5.394000   10.399700  -16.684900   20.766600   21.174600    5.845500    3.575200    5.600100  -22.467700   14.593100  -25.325900    7.050100 -105.476700   17.252800  -26.028700  -14.966000   24.349400   54.615800   -6.377100    2.872300  -34.166700   29.356000   17.937400  -13.824300  -30.462000   10.500600    1.751800   11.808600   -2.631300   14.807000   -3.594800   28.636700    9.739100    6.148700   11.915800    3.799200  -13.987100   17.196200  -33.826000   10.527300 -125.935200  -96.708500  -16.325100  -64.197000  -16.409100  -69.245700  -39.538900   -4.828500  -32.704400  -32.315200  -24.050700   -9.511900  -32.625000  -42.420100   -1.233100  -17.260800  -10.695600    9.425900   20.438300   -2.505000  -10.202700   11.584500   24.147300   -4.077100   26.906800    7.905800   10.186800    3.660000 
 535.146500 -258.075000   15.060500  -88.011000 3470.380000  484.417500   83.941500  332.768000 1325.861500  112.993000  -21.128500  184.335000 -992.040500  -85.164000 -125.471500  -72.954000 -861.367500  -28.813500  -38.423000 -122.340000   23.609000   61.452000   54.377000  -30.715000   23.582000  -21.883000   -5.890000   34.607000 -473.354500 -532.765500  -31.059500 -334.931500 1340.668500 -228.558000  -46.874500  -59.961000  675.833500   84.387500 -134.241500  101.139500 -387.535000  268.325000 -129.669500  -14.820500   72.574000  -81.787500    2.697000  -20.322500  166.174500 -102.422000   41.936000  -28.735500  -15.921000 -180.695500    4.031500  -30.436000 -454.776000  -88.863000  119.695000 -259.029000  275.899500 -135.690500   27.200000 -145.848000  214.504500   12.018500 -186.585500   50.213500 -169.231000  299.009000  -88.938000    6.401000  284.502500   48.937500   22.736500   16.165500   -1.596500   89.798500   22.134000   10.180000 -199.192500  -37.652000   22.070500  181.448000   46.397500  179.952500  144.338000  -81.420000  -43.974000   30.659000   -8.510000  -96.720000  221.158000 -105.850000 -156.522500  -10.225500  114.814000   48.738500  -87.036500   16.170000  472.725000   -0.457000   98.958500  -20.468500  -59.544500   -9.440000   -2.576000   -2.035500  -37.660500  -44.357500  -56.954500  202.429500  271.840500   58.739500 -101.643500   -2.777500 -113.996500  -61.781000  -17.039500  -84.504000  -31.457500   21.208500 -176.512000   63.231000  293.907000   56.795500  -31.639500   -7.304000  357.410000  -39.099500   75.901500  -45.551000 -116.526000  -19.707500  -38.737000   -3.428500  218.984500  -65.523500 -107.058500   55.441500  155.879500   -8.923000  -50.110500   70.665000 -193.659000  -77.258000 -214.521500   -3.625500  -17.665500  -40.220000 -162.509000    5.260500  362.285000  -17.361000   -6.488000    7.259000  258.600500   36.910000   25.858000   24.515500 -104.623500  -24.614500 -123.338000   -1.542000  372.948500  -70.792000   -9.080000   -6.610500  307.637000  164.202500  -85.216500  113.630000  -71.776500  732.449500 -183.278500   95.592500  116.484000  629.062000  128.474500  -80.243500  354.555000  262.878500  119.638500   29.803000  186.891000   47.318500 -105.740500  110.015000  -19.635500  -42.912500 -262.710500   14.698500  463.797000   92.202000  261.047000   -4.375000 
 196.980125   99.883750   11.343375    0.694500  484.417500  304.169375    2.032625   77.105250    2.852625   52.599000  -25.158625   25.673750 -185.394625   -7.590750  -17.053875  -15.203250  -64.730625   37.660125   13.094750  -15.751250  130.725750   40.491000   20.086000   10.047500    1.129750    0.742250   -1.297500    9.561000  -17.330375  -77.900875    0.123375  -62.766375  275.836125   30.796000  -15.357875   34.069500   23.821125   38.888125  -32.307625   33.104125  -75.080000   -7.691250  -20.497875   -0.873375    0.725750  -61.818125   -4.246500  -11.451875   42.526625  -34.711000    8.985500   11.251625   16.148250    0.550375    3.123875   16.365750  -34.268000  -42.021500   11.085000  -60.198250   91.115375  -56.807125  -53.611250  -18.312750    3.249125  -14.161375  -71.694625   20.651125  -47.021750   13.694500  -23.727750    0.891750   27.955625  -38.941875   -8.573625   -2.149125   18.111125  -25.021375    6.040750   -6.392500   20.353125    3.494000    1.297125    7.522750   30.284375   25.983125  -57.051000  -20.532500   16.105500  -38.291750  -68.783750  -24.473750  -16.867250  -30.743750  -31.743125  -32.318375    4.245750   13.074875  -22.583875    1.788750   60.046250    9.977750    6.382375    1.150125    8.559625   -4.678750   -1.839250   -1.279625   26.737875  -17.946875  -13.531625  -21.977125    7.412125   46.122875  -89.222375   -4.596875   16.378625   49.989500    5.472125  -15.314500  -32.623125   41.573625  -18.146000  -19.707000   44.206000   12.745875   -1.716625  -22.104500   41.205000  -10.830375    5.703875  -14.864250    0.885750   -2.271875   -0.622250   -2.589875  -12.203375   -7.464875    0.460125  -11.869875  -10.588375   45.768500    0.424125  -28.517500   33.944250   22.772250  -31.381375    2.005375  -11.547125   -8.648750  -39.342000   -8.789125   62.073750  -41.938000    0.427250  -47.581750   18.989625  -23.170000    7.492750  -28.840375    1.102625   -8.580375   -0.795250   -4.141000   19.171125    1.126500  -23.726250   -0.248375   97.413500   97.739375   -2.597625  -24.040000   10.339875   94.902875  -24.044875   15.509375   15.283250   83.789750    7.359125  -14.414875   24.807500   13.561125   24.298625  -30.013500   10.009250   32.779875   20.112875   -0.927500    3.105375   -7.835625  -11.653375   -2.793875  118.509750  -19.405250    0.516000    0.158750 
 -48.892525  -31.734750    4.209825  -10.619900   83.941500    2.032625   33.742975   -1.769050   92.611975   14.093200   25.290225    1.462250  -46.341575   -2.407850   -1.121725   -5.274350  -31.527375   -4.739525    4.516050   -6.283750  -17.190150   -2.414200   -1.918200   -2.584500   -4.455950   -0.444450   -0.301500   -0.231200  -43.654425  -23.973325    1.326825  -17.877225   66.788275  -16.879200    7.940075  -13.210900   46.899275   -4.046125    0.827025   -3.944325  -18.240000    1.199250    4.282075   -2.592825    6.018850   -8.828875    2.453300    1.197875    1.220175   -0.815800   -1.229100    1.397175   -5.468650   -5.843575   -0.748275    2.971850  -27.027400  -15.247700   -1.106000  -10.649350   30.368425  -22.642075   -4.261750   -5.724450   16.665675    0.078775    0.176425   -2.106725  -13.984650   12.455100    8.014550   -2.811350   22.546375    0.374875    8.100225    2.724325    6.658275    4.324775    2.991850    3.543500  -13.324125  -14.746800    0.005075   16.560450  -18.790375  -12.449125    3.789200   -4.224500    7.547900  -11.230650    5.058750   -0.480250    5.665450  -13.639250   -0.490875    2.445175   -4.442150   -6.724475    5.186275   -2.548750   30.115750   -1.491550    6.317025   -1.118525    4.941575   -4.286250    0.004850    0.073425   -5.335075  -16.990125    2.333825    8.313925   -8.133925   -5.220075   14.939975   -5.332125    5.278775   -2.416900    8.690075   -1.224100    0.203125   -5.164225   -4.438800   13.110400   -0.306200    8.617325    4.193825    4.083900   16.856000   -0.296425    6.936725    0.053850   -1.253150   -0.845125    1.328450    0.260475   -1.722825  -11.491525    6.519475    3.150475   15.898175    6.673300   11.318675    4.361500   -3.477850  -16.372450    1.973775   -3.171575   -5.903075   -6.765250    0.066400    6.063325   -1.145750   10.156600    4.363550    5.768350   10.192575    6.352000    1.723450    2.345575    0.466975    1.667575   -3.079950    0.446200    8.136275  -15.324300    3.480250   -0.712825   15.150300   24.989625   -1.207975   15.828000   -0.684475   35.217925    2.736475    8.079625   -2.904650   22.814050   15.441675    0.358475   -8.392500   14.863275   13.652775    5.378700    9.077150   12.335525   -3.353075    9.487500   -8.656575   -4.567375  -11.167825    2.761275  -12.468950  -10.199950   -2.815200   -0.398750 
 117.534950   38.555500    3.304650   28.250200  332.768000   77.105250   -1.769050  126.391900  -49.876050  -37.693600  -24.509550   47.734500 -149.328150  -17.165700  -12.243450   -8.553700   15.620250   -1.814050   -2.517900   -4.077500   32.729700   -5.638400   -3.796400    2.261000   -2.911900   -9.393900   -1.868000    1.577600  -53.383850  -50.941650   -6.706350  -20.604450  150.576550   -6.648400  -15.439850   61.058200   20.193550   11.922750  -26.085950   44.941350  -54.785000   -7.511500  -13.890850   -5.455650   22.807700  -41.837750   -9.438400   -5.349250   10.450350  -37.631600   -0.128200  -10.125650  -10.777300  -40.822150    0.553450  -21.551300  -81.089800  -20.970400   21.468000  -33.028700   10.471850  -17.204150   -9.813500   -1.363900    3.931350   -2.747450  -49.107150   22.341550  -42.559300   -0.064800  -11.915900    2.517300  -18.627250    3.349750    4.220450    0.818650   -4.903450   37.004550    3.973700    4.692000  -53.678250    2.646400    0.145150   15.845900  -15.410750   11.751750   25.703400  -13.584000  -30.029200   11.458700    2.967500  -21.635500   -5.459100    0.091500  -16.851750    1.370350  -12.809300    1.506050  -21.142450    7.497500   17.461500    0.781900   -2.065950   -0.112050   -1.551850    3.647500   -2.745300    4.066850  -27.350150   -7.215250   -8.107350   27.477850   11.747150   12.149850  -14.820050    0.230750  -39.092450    1.586200   23.105150  -34.083200  -29.328750   -0.133450    1.882400  -14.719200   28.877600    0.394650  -28.157350   19.812800   41.547000   -5.352850   -8.341550    5.077700   -0.196300   -0.655250   -0.698100   -1.009050   11.109350  -18.473050  -13.596050    0.790950  -26.463650   22.096600   -2.467650   -5.262000  -47.685700   -9.004900   -8.252450  -17.153150  -30.996150  -24.605500   -6.642200  -12.723350   38.628500  -16.486800   -4.657900    3.751700   42.630150    7.794000    0.146900   13.196150    2.523950   -4.079850    2.675100    0.042400   19.427550  -16.333600   -1.104500    0.039350   39.540600   -7.340750   -5.645950   -2.874000   -6.693950   11.335850  -10.132050   -3.440750   17.240700   17.038100    9.213350  -14.923050   41.605000   -1.493450   11.790550  -22.117600   31.774300   10.001050    5.478850   -1.950000   10.151850    5.300250   14.649350    1.327550   20.762100   -7.134900   45.104600   -1.857500 
-1129.523525 -651.799750  -19.627175 -223.930900 1325.861500    2.852625   92.611975  -49.876050 3251.770975  604.351200  215.659225  200.302250 -226.449575  104.568150  -51.435725   -3.598350 -1584.652375 -138.930525  -51.621950 -140.763750  382.743850  -29.107200  141.618800  -38.634500  136.811050  -12.812450    8.513500    4.510800 -1189.526425 -484.321325  -38.950175 -353.806225   69.774275 -444.877200   10.723075 -362.601900 1835.185275 -254.236125 -128.236975   47.767675  -48.145000  276.649250 -248.929925   13.374175 -223.767150   38.351125   67.250300  -57.427125  363.717175 -101.617800  133.906900  -96.455825    9.785350   46.853425   -3.384275  -13.079150 -816.103400 -106.930700   88.384000 -201.598350 -375.729575  -85.765075  284.378250 -281.727450  629.372675 -374.115225 -236.781575   -6.705725 -146.340650  262.044100 -150.708450   17.454650  132.396375  143.254875  149.494225    1.512325  188.739275   42.655775  115.680850  -40.161500  -33.679125   -6.018800   -6.386925  161.953450 -304.700375  -47.784125  413.762200  -18.634500 -340.511100   16.123350  361.543750 -143.710250  356.198450 -179.019250  -83.155875  -50.322825  -66.548150   -3.163475  -69.637725   14.886250  336.310750   -2.718550  282.403025  -25.194525   66.419575  -56.191250   65.743850  -26.944575  123.701925 -104.340125  -65.938175  127.640925   62.774075 -209.473075  318.883975   -7.367125 -249.375225 -302.107900  105.513075 -179.298100  116.073125 -263.793225 -107.740800 -140.078600   54.165800  -12.009675  -20.143175   -6.100100  259.921000   -2.728425  199.105725  -15.122150  -90.334150  -23.265125  -39.068550   -1.985525  291.304175 -124.842525 -120.371525   14.089475  241.060175 -167.614700   83.100675  175.721500 -224.081850 -269.640450   37.649775  -35.689575    3.148925  -95.305250   23.122400  -16.238675  148.899250   96.655600   10.055550   61.432350  244.130575   29.132000   48.221450   31.993575 -146.159025  -30.779425 -213.012950    6.404200  482.442275 -122.746300  -39.139750  -22.160825  199.772300  170.819625   11.683025  236.323000   10.021525  440.824925   47.590475   59.074625  -24.645650  338.471050   93.343675   -6.507525  288.947500  313.584275   -2.761225  138.611700  207.173150    5.161525 -237.321075  110.117500  -38.489575  -55.022375 -388.040825   19.602275  674.248050  151.312050  116.621800   25.671250 
-320.037800 -174.962000   -5.819600  -57.443800  112.993000   52.599000   14.093200  -37.693600  604.351200  290.748400   56.910200   23.897000  -20.096400   98.455800   15.011800   -4.417200 -243.621000   27.623200    9.952600  -15.270000  110.418200   41.984600   32.531600   22.606000   40.348600    4.261600    4.577000    9.115600 -300.135600  -98.377400   -1.050600  -84.019200  -35.618200  -76.080400   25.723400  -97.250800  362.988800  -17.841000   -4.113200    3.350600   26.615000   80.801000  -52.997600   11.273600  -25.148800  -30.204000    3.289600  -15.208000   80.974600  -16.429600   24.745800  -15.776400   62.556200   54.089600    2.513200   22.942200 -169.183800  -17.327400   52.463000  -49.522200  -73.091400  -36.697400   50.769000  -76.433400  148.625600 -149.172200  -81.665400  -11.693200   -0.795800   -1.213800  -54.735400    0.843800   60.374000  -13.934000   16.100200   -9.910600   55.436800  -32.730200   22.117200  -54.173000  109.638000   -4.386600   -1.516600  -11.749600   -7.527000  -13.147000   88.870400  -12.704000  -41.185200  -25.547800   41.260000  -28.753000   76.135400  -55.116000  -43.993000  -12.850400   -3.060800    3.743800  -22.737200    3.235000   74.119000    2.466400   50.931800   -2.994800   25.916400  -17.185000   15.698200  -16.646400   92.511600  -42.014000  -17.856600  -53.685400   62.440400  -34.798400   42.922200    5.407000  -36.097200  -63.107800   11.013400  -34.699200   24.485000  -53.178200  -29.340600  -30.170200    2.490600    5.360400  -21.801600  -11.218200   66.172000   -2.919600   37.773200   -8.558800    6.182200   -6.224000   -6.658600   -2.526800   28.058600  -30.545800  -18.328800  -19.816800   80.855600  -56.770400  -10.158400   33.698000  -14.104200  -56.399400   -9.807200    0.423600   11.440600  -25.278000  -18.923200   -4.902600   15.376000    7.154200   -9.337400  -10.984800   62.488400   -7.991000   11.846400   -8.320600  -17.818800  -15.176600  -45.169400   -2.335600   54.897800  -23.646600  -19.692000   -2.976400   78.448600   17.918000    1.951800   64.266000   28.653800   82.717600   18.420200   28.998000   -3.090800   91.483600   14.187600    2.059200   30.225000   76.361800   -1.564200   37.259400   35.905800    9.753800  -45.774400   40.300000   -0.521400  -44.441000  -60.556400   -1.067200  123.277600   -3.929400   -8.042400    1.445000 
-110.820275  -58.987250   -2.639425  -19.028900  -21.128500  -25.158625   25.290225  -24.509550  215.659225   56.910200   72.864975   -5.845250   32.195175   37.158650   26.818525   -2.432850 -165.388625    3.952725  -10.448450   -5.276250  -39.331650    0.283800   -0.975200    6.600500   -0.190450   -3.078950    1.033500    1.811800  -91.341175  -30.714075   -2.062425  -24.666975   -3.586475  -27.501200   12.373325  -37.579900  136.064525  -17.529875   20.289775  -15.495075   -0.380000    3.076750   -8.184675   -0.108575   -8.622650   -6.840125    3.986300   -2.525875   35.319425  -23.978800    7.944900   -0.583575    0.344850   -8.221825    0.666475   -0.929650  -59.966400  -17.159700    5.039000  -14.742850   -4.794825  -20.275325   15.595750  -22.118950   54.654925  -34.655975   -6.966825   -5.661475  -28.656150   27.641100    0.185050   -6.004850   19.587625   17.221125   14.349975    0.125075   22.698525    1.025025   11.265350   -0.326500  -15.777875   -7.504800    1.423325   18.419950  -30.001625  -11.757875   27.951200   -5.964500   -3.293100  -10.402150   31.361250   -7.627750   31.514950  -16.681750    4.372875   -6.940575  -32.873650   -4.771725    0.621525   -4.276250   39.528250    1.917950   29.379775   -0.446275   14.684825   -3.283750    6.618350   -0.519825  -14.148325  -13.948875    2.679575   21.160675    3.699325   -9.983325   37.302225   -2.840875   15.529025  -17.345900   13.343325   -8.645100   39.346875  -16.783975   -2.671800   -2.915600  -14.263200    9.528075   19.594575    0.892900   25.806000    1.996825   27.066475    0.347350   -2.194650   -1.393875   -0.312050   -0.497275   -5.933575   -8.889275   12.106725    1.247725   31.517425   -2.353700    7.557925   15.661500   -9.541350  -14.081950    5.724025   -4.389825   13.933675   -5.977750   -0.609600   11.659075  -12.788250   13.352600   14.019050    2.861850    7.470825    2.322000    7.412950   -2.376175  -11.520775   -1.184175   -9.994450   -0.561800    8.541525  -16.847300    5.577750   -2.088575  -15.811700   13.063375   -1.030225   35.233000  -18.801725   37.204675    1.338725    5.378375  -18.861150   31.334550    2.490925   13.065725   -0.632500   45.628525   -7.276975   43.730700   12.293650   18.328275  -12.921325   22.817500  -21.584825  -18.073625  -19.318575    1.181525   14.556550  -19.354450  -14.272200    0.433750 
-101.147750  -71.257500   -2.024250  -22.149000  184.335000   25.673750    1.462250   47.734500  200.302250   23.897000   -5.845250   65.297500  -98.713250   -8.738500  -11.714750    1.911500  -46.011250  -17.062750    3.160500   -5.382500   75.033500    1.108000   17.028000    4.365000   10.025500    0.685500    0.925000    2.803000 -135.736750  -56.765750   -3.809250  -42.174750   24.220250  -47.462000   -3.566750   -9.714000  159.535250  -26.778750  -22.237250   34.824250  -15.050000   21.362500  -18.406750    2.729250  -11.191500  -17.921250   13.338000   -4.558750   28.919250   -8.853000   13.549000   -9.895750    8.578500    2.286750    0.984750    3.068500 -100.604000    0.148000   25.400000  -22.693500  -52.448250   -5.913250   35.992500  -24.534500   54.484250  -51.829750  -40.868250    8.900250  -13.036500    4.156000  -12.059500    4.121500   13.041250   -0.433750   22.674750   -0.584250   16.035250   -0.219750   11.398500   -7.920000   12.471250   -5.983000    0.043250    9.914500  -20.576250   -1.848750   55.137000    2.630000  -45.406000    2.103500   34.947500  -14.382500   26.339500  -28.462500  -21.036250   -5.995750  -12.321500   -3.897250  -13.414750    0.352500   23.652500    0.484500   23.557750   -2.627750    3.123250   -5.477500    3.073500   -4.103250   18.951750  -12.068750   -7.899250   12.676750   12.933250  -31.718250   19.707250    6.221250  -48.479750  -35.079000   20.373250  -24.911000  -11.891250  -25.999750   -2.108000  -24.206000    7.958000   -3.484250  -17.464250    3.474000   25.425000   -2.266750    9.544750    2.423500   -9.391500   -2.638750   -4.640500    0.022250   41.089250  -16.737750  -17.027750    2.192250    0.849250  -12.317000   11.529250   10.690000  -36.698500  -24.074500   15.810250   -9.868250  -20.028250  -14.892500    4.064000  -10.309250   28.722500   -0.364000   -2.639500    7.923500   33.888250    3.905000    1.009500   11.313250   -6.107750   -4.291750  -18.854500    2.102000   63.000250  -10.798000   -9.902500   -0.985750   40.503000   20.163750    7.807750    7.220000    6.267750   -7.728250   15.457250   -0.776250   15.568500    6.765500    4.529250   -8.272750   34.255000    3.685250    3.455250  -14.178000   10.891500   -8.902250  -22.658250   -2.650000   -1.338250    0.823750  -30.865750    4.205250   49.800500   26.580500   11.028000    3.987500 
 276.706925  215.570750    2.900975   15.252300 -992.040500 -185.394625  -46.341575 -149.328150 -226.449575  -20.096400   32.195175  -98.713250 2583.643775  198.514450  165.700325  154.624950  -74.019625  261.925925 -187.550850   83.398750 -1523.193450   69.983400 -224.123600  -25.578500  -40.766850    7.027650   -2.144500   11.732400  593.753225  352.548525   19.761975  170.508825 -640.879675  180.173400   16.541725  -21.805700 -370.116675   23.164125   95.511575 -118.194475  900.575000 -415.632250   94.802725   60.040025 -308.241450  290.595875 -139.334100   33.296125 -478.940975  230.841600  -80.169300   96.135025   55.386050  101.922775    2.369675   72.962550  483.899800  300.942900  -21.658000  239.344950 -333.391225  279.807275  -19.510250   44.567650 -179.999475   63.436825   66.192775  -45.464675  500.723050 -450.357700  -98.615350   17.633950 -713.638375  -72.427875 -275.134825  -60.655525 -120.944675  -69.735175  -70.097450  -17.759500  281.045125   -8.706400   -7.643275 -124.599650  302.876375  252.405125 -132.158400  123.526500 -134.488300  111.180050 -150.158750  115.849250  -56.614650  127.662250  138.019875  -37.785975  209.775550 -121.142925 -156.775675  -18.156250 -749.222750  -67.005650 -419.558425    0.668925  -36.798775  -28.343750  -22.173450  -43.871225   86.908275  -15.802875   18.307975 -142.514725   71.734725  195.343275 -193.270575  128.971125   38.666825  171.051300 -113.468275  116.200700    6.281875   17.082825  103.007600 -153.630800 -152.197600 -110.476525 -275.557025   27.714700 -379.132000   11.592225 -230.690325   52.913550   54.502550   18.282125   36.194350   -7.974075 -220.074975   68.279925   82.677925  -43.774075 -663.471975  251.000900 -149.825475  139.794500  110.149450  396.093650  -29.053175  118.973775   63.559275   65.374250 -121.092800  -17.158525 -252.692250  -57.638200 -162.588350   28.742050 -188.510775   -0.309000  -13.725650    6.738225  119.710425   28.344225  121.196150   -3.132400 -348.050675   80.661100    7.765750  -14.179975 -1034.948100 -661.033625  -86.823425 -286.676000 -172.182925 -639.592725 -295.961075  -53.633625 -231.471950 -289.716850 -368.496475   36.504925 -218.227500 -162.234675 -110.586175    5.660100  -60.090550    4.532075  144.974275  -53.342500  176.188775   66.080375  274.070025   -1.650675 -303.155850  -74.063850   30.260400  -16.476250 
 -16.044850   -7.841500    0.546050  -11.505600  -85.164000   -7.590750   -2.407850  -17.165700  104.568150   98.455800   37.158650   -8.738500  198.514450  199.407100   60.770350   19.781100 -235.670750  213.352150  -18.126300   37.862500 -166.784100  122.120200  -30.225800   74.172000   23.525700   20.161700    2.369000   29.152200   21.621550   35.049950    8.279050    1.928350 -127.439650   25.160200   41.784550  -25.894600  -29.205650  100.291750   92.022850  -17.164050   89.595000  113.504500   37.777550   13.821950  -76.358100   30.253250  -56.374800   10.522750  -13.531050  -60.345200  -17.880400   50.241950  110.756900   16.111450    3.174650   71.638900   60.614400   77.386200   77.896000   15.906100 -110.130550   48.682450   54.620500  -17.433300   14.030950  -98.802650  -20.308550  -15.104650   87.932900 -161.680600  -68.447300   -9.186900   12.306750 -103.219250  -55.121350  -19.880950   30.515350 -144.583650  -10.431100  -36.561000  169.604750  -57.809200    0.814550  -64.617700  213.417250   49.134750   33.264800    2.002000   24.612600  -30.841100  -52.032500   13.666500   43.047300  -26.914500  -37.069750   11.533950   -5.447100  -30.598150  -47.747650   -3.792500  -65.939500  -14.895700  -28.102150   -2.068850   25.475550  -16.632500    7.905900  -14.650550   39.890450  -19.384250   13.902050  -79.473550  182.393550   -6.529550  -74.904850   22.247750   12.477350  -29.688600  -48.370450    1.274600   25.161250  -26.564650   -1.132200  -25.437400  -41.047800   -0.883950  -33.647950   -3.663400  -32.216000   10.663550   -9.110350    1.451900   40.933900    2.365750   15.754300   -1.877850  -97.453050   21.284150   35.008150  -20.142850  -64.099050   15.615200  -64.832050   44.536000  -23.212900   57.929700  -13.997650   17.239450  -14.701550    8.256500  -12.223400   -3.719950  -56.335500  -18.409600  -17.811300  -17.220100  -10.330450    2.208000   17.129300  -16.358450   38.303150    2.209550   46.839700   -1.777200 -116.442650   19.635800  -13.011500   -3.358050 -164.746800 -123.237750  -24.027150  -36.748000  -42.513150  -88.782550  -50.833850   -5.917750  -77.152100  -26.164300  -67.510050   -2.140850  -52.185000    2.760350  -22.536650   -6.702200   27.092100   16.751850   52.368450   -7.655000   61.674450   -7.050750   70.086950   -1.257650  -74.666300  -30.620300  -48.758800   -1.437500 
 -32.306225  -12.807750    1.168925   -2.510100 -125.471500  -17.053875   -1.121725  -12.243450  -51.435725   15.011800   26.818525  -11.714750  165.700325   60.770350   77.887975    4.631850  -22.898875   81.440775   28.176450   21.826250 -163.702350   62.574200  -25.536800   36.424500   -0.681550    9.931950    0.306500   17.301200   23.110675   23.729575    3.261925   11.223475  -71.782025   24.429200   13.636175   -6.894100  -50.868025   37.557375   51.111725  -15.219425   78.950000   -3.676750   50.789175    6.714075  -37.561350   -6.717375  -13.163300    8.063375  -29.268925  -36.554200  -18.620900   28.149075   48.431150  -10.587675    0.787025   36.430650   35.917400   24.227700   19.831000   14.106850  -28.799675   27.720825   12.664250   -3.923050  -15.234425  -24.477525   12.782325   -9.722025   56.437150  -87.325100   -6.617050   -2.651150  -33.265125  -43.043625  -33.121475  -10.875575    7.522975  -65.938525  -12.919350   -9.693500   62.355375  -36.298200   -3.593825  -36.407950   74.769125   14.905375   11.645800   -0.895500   14.302100  -17.676850  -22.916250    3.717750    5.182050  -13.833250    3.184625   -9.168925  -16.260350  -26.961775  -14.860025   -6.283750  -76.118250  -10.245950  -35.568275   -0.115225   13.214675   -4.341250    1.617650   -2.434675   -6.281175   -7.498625    8.149925  -33.090175   72.215175    5.743825  -21.553725   12.318375   28.422475   -0.903100  -18.023825    6.464100   19.415625  -14.089525   18.413800  -19.955400  -40.068800  -16.253575  -18.160075   -3.698900  -39.051000    4.097675  -17.692975    8.328650   28.635650    3.166375    8.924050    0.450775  -72.735925    9.282775   27.841775  -10.614225  -52.691925   36.951700  -21.842425   19.008500   11.590350   58.904950    5.882475   11.815325    3.371825   17.137750   -7.696400    8.855425  -38.086750  -11.311600   -6.336050   -1.055850  -22.211325    1.728000    3.774050   -4.164325   37.904275    6.123675   32.957450    1.753800  -90.315025    9.784300    5.362250   -2.860925 -119.030300  -62.835875   -9.333275  -37.328000  -28.856775  -86.099175  -30.595225  -18.085875  -41.137850  -33.546550  -68.005425   12.582775  -30.287500   -7.052025  -21.066525   -0.808700   -6.874650    6.788225   24.531825  -13.637500   54.675325   17.256125   81.079075   -0.335025  -87.023550  -30.357550  -18.979800   -3.863750 
  10.028650    7.223500   -0.734450    0.175400  -72.954000  -15.203250   -5.274350   -8.553700   -3.598350   -4.417200   -2.432850    1.911500  154.624950   19.781100    4.631850   49.405100  -59.023250   24.725650  -18.398300   41.347500  -92.703100   11.348200   -8.487800    3.302000    3.503700    7.689700    1.519000   -0.509800   40.341050   15.730450    2.808550    6.249850  -48.268150   10.053200    3.464050   -4.003600  -28.509150   -0.270750    4.599350   -7.623550   56.600000  -30.140500   -3.932950    6.842450  -27.402100    8.255750  -14.591800    7.950250  -24.930550   19.471800   -2.901400    8.382450   16.912900   20.186950    0.258150    8.454900   50.160400   27.909200    3.171000   13.305100  -27.325050   12.642950    0.160500    0.179700   -8.508550   -8.226150    2.086950   -5.588150   36.863900  -41.804600  -10.149300    0.447100  -46.050750  -24.196750  -16.882850   -5.996450   -4.713150  -23.602150   -4.865100   -7.466000   39.797250  -12.162200    1.729050  -16.555700   39.904750   11.287250  -17.298200   14.997000   -7.168400   -4.555100  -25.297500   12.311500    0.604300    4.670500   12.262750   -6.670550    9.598900   -5.601650    2.923850   -4.472500  -57.244500   -5.363700  -24.235650   -1.150350    2.045050   -3.827500    1.136900   -4.730050    0.575950   -4.111750   13.451550  -18.608050    1.263050    7.705950  -19.006350   13.175250    4.593850   16.032400  -10.930950   18.608600  -11.691250   -1.878150    8.444800  -11.598400  -32.089800  -14.534450   -4.943450  -10.244400  -44.541000   -3.216950  -14.106850   -2.217100   13.764900    2.338250   15.376300   -0.014350  -33.717550    2.267650   11.476650   -2.554350  -75.798550   49.038200   -9.121550   14.681000    1.746100   38.382700    6.648850    6.804950   -8.056050    1.896500   -5.849400   -2.805450  -28.850500  -12.538600  -14.243300    1.160900  -21.330950   -3.047000    5.301300   -0.678950   22.286650    4.599050   19.147700    1.089800  -27.571150    3.592800  -18.431500   -0.792550 -114.858800  -59.415250  -10.960650  -30.808000  -16.811650  -61.402050  -32.325350   -8.805250  -22.921100  -29.461300  -30.219550   -2.262350  -27.120000  -18.853150    6.749850   -6.355200   -6.703900   -4.176650   32.238950   -3.415000    2.544950    5.681750   -6.207550    0.693850  -22.193300    4.972700   -7.885800   -0.517500 
