 402.775775  171.186725  118.954075    3.923625  252.233125  514.246600   52.629725   38.031700 -177.346275  160.214850 -136.184100   99.278225 -256.993175 -175.571100  -30.892225  -56.681700 -110.584600  -31.353925   -1.057200  -38.966725   -3.050775   -0.629525    0.000000   -0.774800    0.000000    0.000000    0.000000    0.000000  445.972425  154.980050  155.575275    6.637800  -33.796550  122.870275  -78.878825   18.866950  -88.253925   38.721775 -169.522225  126.662425  -21.256200  -24.167850  -20.325525    6.165225 -158.506925   -7.719175   -3.563725  -88.630525  -22.769800   -2.290025   -0.048425  -10.969750    0.000000    0.000000    0.000000    0.000000  431.951075  153.600525   38.296550   -2.908800 -180.536150  -44.425150 -218.381400    2.225750 -100.442125    5.438450 -114.483450   63.654875   76.822825   46.642250   -6.825075   95.697350 -124.495475    9.532800   -1.920725  -90.490850  -71.092175   -2.976750   -0.107950  -53.475275   -1.773375   -0.629525    0.000000   -1.780150   90.758425  -17.140625 -158.073100   -4.964250 -181.025100  -40.853800 -175.415200    0.000000  -51.143975    2.334400  -33.685725   12.586200  100.739700   38.094725    0.269300  101.280875  -13.353425   43.790025   -2.108350   22.150550 -107.557900   11.825950   -1.296600 -104.846000  -20.109250   -3.650675   -0.290550  -21.555575 -174.391450 -200.627225 -137.603300    0.405825 -109.293800  -24.305625  -69.856175    0.000000  -15.680250   -0.549525   -5.278325    0.126300   41.567325   13.389550    0.079450   29.224625   80.107075   57.626850    0.441825   79.358400  -47.147875   56.955625   -0.094625  -56.923775  -69.578925   -0.533575   -0.541100  -59.976200 -226.764875 -132.687775  -54.068875   -4.262875  -52.743950   -9.667500  -18.364200    0.000000   -1.791725    0.000000   -0.629525    0.000000    2.546225    0.000000    0.000000    0.471025   59.510375   28.360900    0.495750   35.069025   18.941050   55.185475    0.016225   21.134700 -105.290425   54.195750   -0.928500  -56.739075 -139.494000 -129.201275  -13.448425   -2.813600  -23.757775   -6.691300   -5.348125    0.000000    0.000000    0.000000    0.000000    0.000000    0.000000    0.000000    0.000000    0.000000   21.185375    3.074850    0.000000    8.673575   62.885225   67.040800   -0.193700   38.845775  -88.104500  181.284100   -3.422650  -47.905950 
 171.186725  163.920775   58.618425    5.663875   35.219375  253.888400   10.902775   10.453300  -74.111225   69.490150  -51.970900   39.549275  -79.509325  -72.478900  -10.565275  -12.768300  -40.485400  -13.083575   -0.457800  -14.105775   -1.201725   -0.247975    0.000000   -0.305200    0.000000    0.000000    0.000000    0.000000  147.950075  168.704950   71.182225   10.632200  -85.653450   89.217225  -47.653675    6.363050  -35.303575    3.005725  -66.125275   60.060075   -2.293800  -27.992150   -9.201975    7.357275  -62.115575   -7.498325   -1.458775  -34.991975   -9.230200   -0.892475   -0.019075   -4.430250    0.000000    0.000000    0.000000    0.000000   83.591425   77.961975  -16.091550    1.063800 -140.363850   -8.654850 -108.223600    0.634250  -41.085375   -0.753450  -46.081550   30.027625   33.549675    1.302750   -3.662425   51.717650  -56.247025   -6.967800   -1.706775  -37.749150  -28.370325   -3.343250   -0.012050  -23.727225   -0.819125   -0.247975    0.000000   -0.704850  -85.635925  -52.806875 -103.451900   -1.090750 -112.824900  -17.971200  -80.609800    0.000000  -20.743525   -0.174400  -13.521775    7.158800   51.850300    9.172775   -0.529300   54.021625   -0.229075    5.437475   -1.881650    6.074450  -54.407100    0.374050   -0.513400  -49.364000  -10.440750   -0.871825   -0.114450   -9.521925 -169.883550 -118.080275  -73.111700   -1.543325  -62.341200  -11.381875  -32.431325    0.000000   -6.294750   -0.247975   -2.079175    0.423700   21.945175    4.015450   -0.034450   20.187875   44.360425   11.738150   -0.199325   45.391600  -28.579625   19.586875   -0.792875  -36.618725  -32.878575   -2.198925   -0.228900  -30.213800 -147.562625  -77.724725  -27.468625   -2.129625  -27.596050   -4.657500   -8.275800    0.000000   -0.705775    0.000000   -0.247975    0.000000    1.606275    0.000000    0.000000    0.561475   47.607125    7.344100    0.119250   31.958475    4.798950   21.042025   -0.073725   -3.539700  -57.882075   25.019250   -0.381500  -41.758425  -90.411000  -67.981225   -7.174075   -1.496400  -11.829725   -3.163700   -2.149375    0.000000    0.000000    0.000000    0.000000    0.000000    0.000000    0.000000    0.000000    0.000000   25.812125    1.435150    0.000000   11.338925   56.777275   55.044200   -0.076300   29.786725  -76.430500  127.480900    1.782650  -46.104050 
 118.954075   58.618425   57.619975    0.922125   71.045625  179.971800   43.157425   12.844100  -56.660575   64.944050  -41.294300   46.427925  -78.594275  -68.365300  -10.674925   -7.394100  -42.440800  -12.859025   -0.405600  -12.948425   -1.104075   -0.227825    0.000000   -0.280400    0.000000    0.000000    0.000000    0.000000  156.014525   65.398650   83.772575    1.674400  -31.458150   28.467575   -8.501725    6.372350  -31.754025   -7.627925  -58.069925   55.064525    3.162400  -28.328050   -6.890825   15.553925  -59.043025   -9.442275   -1.314425  -30.060825   -9.365400   -1.004325   -0.017525   -4.346750    0.000000    0.000000    0.000000    0.000000  126.900975   57.830825   33.033150   -0.657400  -94.528950  -24.925950  -76.807200    0.389750  -45.602625  -10.023150  -41.521850   24.008375   34.243725   -0.560750   -2.312975   53.901550  -51.632175   -6.000600   -0.720425  -27.782050  -30.381275   -3.142750   -0.090350  -21.317575   -0.903875   -0.227825    0.000000   -0.665950  -33.997475  -14.603125  -53.781300    0.289750  -88.032300  -17.007400  -64.799600    0.000000  -22.097675   -1.443800  -12.255425    4.642600   31.588100    3.707425    0.258900   48.891375   -4.467525    3.274325    0.015450   26.850150  -50.436700   -6.660650   -0.421800  -37.908000  -10.975250   -3.791775   -0.105150   -8.614475 -144.400850  -89.009925  -56.940900    0.387725  -51.352400   -9.193125  -27.423275    0.000000   -5.783250   -0.227825   -1.910225   -0.010100   11.782225    1.592150    0.104850   13.675125   30.123975   11.680050    0.730725   46.843200  -21.912375    7.238125    0.339875   -7.968075  -41.104025  -12.863475   -0.190300  -24.117600 -126.318375  -68.380075  -22.005375   -2.067375  -24.113350   -4.632500   -7.241600    0.000000   -0.648425    0.000000   -0.227825    0.000000    0.331925    0.000000    0.000000    0.052325   25.429875    6.145700    0.354750   20.316325    3.721650   13.402175    0.231925   27.103100  -68.098525    4.499750   -0.330500  -12.369975  -66.137000  -57.310575   -5.762525   -1.412800  -10.675075   -2.939900   -2.090625    0.000000    0.000000    0.000000    0.000000    0.000000    0.000000    0.000000    0.000000    0.000000   10.619875    1.109050    0.000000    5.258475   21.608925   18.003400   -0.070100   30.579075  -82.978500   63.449300    2.676550   15.625650 
   3.923625    5.663875    0.922125    0.419375    1.126875    5.452000   -0.106125    0.436500   -0.716125    0.875750   -0.959500    1.476375   -2.706625   -2.209500   -0.261375   -0.311500   -1.252000   -0.262875   -0.009000   -0.438875   -0.023625   -0.004875    0.000000   -0.006000    0.000000    0.000000    0.000000    0.000000    0.750375    3.524750   -0.293875    0.696000   -0.822250    1.451125   -1.178375    0.525250   -0.047875   -0.581375   -1.326375    2.150375   -0.674000   -0.730750   -0.199875    1.071375   -2.007875   -0.181625   -0.028875   -0.774875   -0.231000   -0.027375   -0.000375   -0.101250    0.000000    0.000000    0.000000    0.000000   -0.802875   -1.665125   -1.377750   -0.036000   -1.744250   -0.739250   -2.043000   -0.003750   -1.196875   -0.432250   -1.002750    0.878125   -0.351625   -0.266250   -0.082125    2.178250   -2.035125   -0.264000   -0.043875    0.189250   -0.781625   -0.161250   -0.005250   -0.356125   -0.020625   -0.004875    0.000000   -0.014250   -1.499625   -2.344375   -1.724500   -0.078750   -0.854500   -0.426000   -1.369000    0.000000   -0.492625   -0.057000   -0.268875    0.134000    0.691500    0.018875   -0.016500    1.133125   -0.575375   -0.287625   -0.068250    0.997250   -1.475500   -0.419750   -0.027000   -0.330000   -0.278750   -0.109125   -0.002250   -0.144625   -0.447750   -2.096375   -0.918500   -0.071625   -0.311000   -0.174375   -0.516625    0.000000   -0.123750   -0.004875   -0.040875   -0.001500    0.245875    0.087250   -0.002250    0.399375    0.387125    0.065750   -0.026625    1.048000   -1.083125    0.084375   -0.039375    0.346375   -1.037875   -0.274625   -0.004500   -0.164000    2.176875   -1.243625   -0.218125   -0.033125   -0.020250   -0.032500   -0.124000    0.000000   -0.013875    0.000000   -0.004875    0.000000   -0.008625    0.000000    0.000000   -0.002625    0.575625    0.080500   -0.003750    0.752375   -0.395250   -0.089875   -0.008625    0.341500   -1.510375    0.221250   -0.007500    0.182875    3.790000    2.318875   -0.010375    0.198000    0.296375   -0.013500   -0.026875    0.000000    0.000000    0.000000    0.000000    0.000000    0.000000    0.000000    0.000000    0.000000    0.665625   -0.004250    0.000000    0.189625    1.946375    1.206000   -0.001500    0.338625   -1.312500    2.024500   -0.061750   -0.815250 
 252.233125   35.219375   71.045625    1.126875  965.264375  506.995000  172.184375   50.342500   75.144375  347.843750 -224.882500  227.396875 -685.383125 -391.607500 -118.466875  -84.317500 -382.825000  -96.409375   -3.125000 -125.544375  -12.438125   -2.754375    0.000000   -2.810000    0.000000    0.000000    0.000000    0.000000  455.431875   44.498750  146.395625    0.040000  359.128750   65.745625    5.213125   19.091250 -102.034375   79.238125 -326.546875  216.016875  -42.240000  -28.528750  -68.759375  131.641875 -423.124375    5.186875   -8.924375 -177.794375  -75.915000   -5.956875   -0.256875  -35.211250    0.000000    0.000000    0.000000    0.000000  663.410625  119.839375   98.431250   -7.020000  107.308750  -73.941250 -270.615000    1.996250 -155.539375    8.108750 -264.733750   87.105625  106.361875  145.123750  -24.035625  219.861250 -260.405625   78.125000   -1.979375  -71.718750 -198.553125   -8.931250    0.188750 -100.155625   -4.383125   -2.884375    0.000000   -6.051250  509.601875   77.648125 -106.362500  -14.403750  -61.707500  -49.925000 -278.215000    0.000000  -94.033125   -6.890000  -85.514375    9.455000   90.007500   65.359375    1.062500  121.085625  -35.806875  102.861875    6.828750  147.286250 -223.447500   -7.088750    1.185000  -90.500000  -63.763750  -18.505625   -0.626250  -34.398125  232.871250 -108.846875 -159.802500   -3.773125  -59.465000  -13.511875 -125.913125    0.000000  -29.913750   -1.954375  -16.249375    0.212500   22.829375   12.641250    0.353750   22.126875   52.985625   52.598750    3.791875  132.245000  -74.410625   47.501875    2.613125   82.266875 -180.944375  -54.043125   -1.062500  -51.805000  -26.890625  -62.398125  -84.795625   -3.305625  -42.536250    4.087500  -36.305000    0.000000   -5.024375    0.000000   -2.009375    0.000000    0.441875    0.000000    0.000000    0.221875   16.928125   13.402500    0.916250   25.486875   -4.081250   38.395625    0.851875  110.242500 -165.121875   35.141250   -0.267500   21.169375  -76.930000 -105.395625  -29.716875   -2.145000  -43.553125   -7.262500  -13.864375    0.000000    0.000000    0.000000    0.000000    0.000000    0.000000    0.000000    0.000000    0.000000   -2.491875    2.263750    0.000000   -1.646875    3.731875    5.900000    0.372500   21.083125  -78.402500   67.507500   -0.518750   92.298750 
 514.246600  253.888400  179.971800    5.452000  506.995000  878.220400  123.580400   47.189800 -214.973600  426.433400 -232.850400  171.549400 -387.402200 -298.043400  -62.710400  -75.934800 -228.627400  -64.120200   -1.951800  -77.993400   -6.381600   -1.406600    0.000000   -1.736200    0.000000    0.000000    0.000000    0.000000  703.389200  341.667200  316.534600    9.268200  -28.068200  262.339600  -82.215800   22.750800 -200.485200   92.180600 -323.535400  202.019200   21.157200  -62.080400  -42.070600   47.207400 -291.342200  -15.391200   -6.281400 -155.825600  -47.256200   -3.733600   -0.138200  -23.614000    0.000000    0.000000    0.000000    0.000000  725.804800  387.700600  121.928200   -0.927200 -335.030600  -35.651600 -396.261600    2.053000 -238.451000   -4.168200 -243.496800   91.452000  159.136800   57.569000  -16.250800  180.453400 -200.428400   14.428200   -3.584400 -140.057400 -141.038200   -7.992000    0.310200 -100.699600   -2.836000   -1.431600    0.000000   -4.041600   98.283200   -1.370000 -283.886400   -4.302000 -364.754400  -67.292200 -356.833800    0.000000 -121.877400   -2.931400  -76.759400   17.227800  160.471800   47.080400   -0.050800  165.421000    0.906800   58.063600    1.587600   73.379200 -207.232600    0.811800    0.969600 -172.774000  -46.357000   -8.912200   -0.509200  -40.112800 -374.763800 -377.255400 -285.575200   -0.861200 -223.142200  -39.235000 -157.519200    0.000000  -35.491000   -1.266600  -12.948800    0.767200   58.364800   16.120200    0.365800   48.666000  134.723800   62.371400    4.402800  159.109600  -81.244000   85.060000    3.169000  -73.128600 -145.695200   -9.269800   -0.863400 -112.142800 -449.427000 -284.134600 -121.498000   -8.284000 -107.268800  -14.145000  -43.899800    0.000000   -4.363400    0.000000   -1.706600    0.000000    4.291400    0.000000    0.000000    1.092600  105.759000   31.139600    1.313000   67.429600   40.041200   94.538400    0.746400   41.956800 -201.466200   95.628000   -1.699000 -108.296800 -288.391000 -252.943600  -33.523200   -4.813400  -55.429600  -13.537200  -12.510000    0.000000    0.000000    0.000000    0.000000    0.000000    0.000000    0.000000    0.000000    0.000000   37.944000    4.843400    0.000000   16.649800  110.927400  112.755200   -0.392800   66.856600 -163.243000  338.505400    1.613400  -81.601800 
  52.629725   10.902775   43.157425   -0.106125  172.184375  123.580400  151.394775    5.952300   -5.364225  131.192150    2.262100   91.621275 -129.260325 -111.550900  -33.207275   25.162700 -109.092400  -34.569575   -1.096800  -31.407775   -3.609725   -0.900975    0.000000   -0.716200    0.000000    0.000000    0.000000    0.000000  143.131075   32.510950  119.715225   -0.311800   64.250550   -2.879775  103.232325    2.742050  -61.859575  -33.871275  -75.352275   78.466075   41.422200  -72.489150  -21.209975   84.034275 -116.941575  -19.574325   -3.325775  -43.904975  -25.251200   -2.800475   -0.085075  -12.165250    0.000000    0.000000    0.000000    0.000000  175.005425   62.654975  156.224450    1.652800  -82.586850  -52.262850  -46.876600   -0.215750 -118.335375  -46.109450  -91.285550   21.077625   63.053675  -18.897250   -8.156425  109.249650  -75.219025  -17.256800   -0.773775   -5.291150  -74.491325  -13.003250   -0.201050  -39.345225   -2.779125   -0.945975    0.000000   -2.082850   46.550075   40.968125   22.246100    6.444250 -142.546900  -33.547200 -105.903800    0.000000  -69.840525   -6.416400  -35.428775    1.032800   28.209300   -8.805225    1.061700   64.821625    5.449925  -14.399525    4.336350  102.990450 -109.160100  -32.716950   -0.045400  -35.104000  -30.855750  -11.377825   -0.245450  -16.055925 -175.167550  -68.787275  -83.457700    3.685675 -108.027200  -17.691875  -66.297325    0.000000  -19.124750   -0.670975   -7.168175   -0.020300    7.269175   -2.298550    0.389550   14.217875   36.119425   -5.659850    2.674675   93.964600  -45.649625  -21.478125    1.652125   57.333275 -107.294575  -47.767925   -0.295900  -28.587800 -264.922625 -123.467725  -51.803625   -2.779625  -67.080050  -11.607500  -20.159800    0.000000   -2.317775    0.000000   -0.825975    0.000000    0.533275    0.000000    0.000000    0.124475   20.047125   -2.627900    0.759250   33.006475  -15.955050  -14.000975    0.778275  102.989300 -163.488075  -36.835750    0.163500   37.317575 -165.111000 -151.469225  -16.230075   -3.868400  -34.942725   -9.869700   -7.184375    0.000000    0.000000    0.000000    0.000000    0.000000    0.000000    0.000000    0.000000    0.000000    4.112125    0.652150    0.000000    5.077925    2.109275   -7.454800   -0.060300   62.079725 -182.950500   23.352900    4.299650  121.716950 
  38.031700   10.453300   12.844100    0.436500   50.342500   47.189800    5.952300   10.307600  -14.340700   -3.899200  -18.449800   18.395300  -55.533900  -34.070800   -3.812300  -13.722600  -18.958800   -4.489900   -0.121600   -6.608300   -0.371700   -0.076700    0.000000   -0.094400    0.000000    0.000000    0.000000    0.000000   44.737900   10.466400   13.732700    0.558400    1.596600   11.382700   -9.642100    4.314600   -4.549900    4.019700  -21.502300   24.807900  -13.008600   -5.169800   -2.134700    0.861300  -30.898900   -2.346900   -0.434300  -15.879700   -3.494400   -0.350700   -0.005900   -1.493000    0.000000    0.000000    0.000000    0.000000   46.960100   12.109700    4.848400   -0.566400  -10.037200   -5.514200  -25.679200    0.336000   -9.044500    3.156600  -13.551600   13.126500    9.474100   10.173000   -0.272100   20.300800  -29.318300    1.658400   -0.010300  -14.508800  -13.200900   -1.469000   -0.082600   -7.357700   -0.324500   -0.076700    0.000000   -0.224200   11.140900   -1.627500  -16.711800   -1.109000   -9.897800   -4.066400  -19.080600    0.000000   -4.411300    0.248200   -3.895300    2.133600   14.401600    6.737300    0.350400   18.409500   -8.905900    6.305700    0.126200   10.370400  -22.461200   -1.703400   -0.264800  -12.348000   -4.124000   -0.948900   -0.035400   -2.651100  -15.905600  -24.157300  -15.072400   -0.816900   -2.406400   -1.692500   -6.887900    0.000000   -1.547000   -0.076700   -0.643100   -0.023600    4.810100    2.057400    0.064600    4.584500    7.568100    8.051800    0.361100   17.765200  -14.905500    2.797500    0.200500    3.279300  -15.224900   -3.635100   -0.070800   -5.063600   -4.351500  -10.162700   -3.728500   -0.760500    1.524400    0.100000   -1.542600    0.000000   -0.218300    0.000000   -0.076700    0.000000    0.014300    0.000000    0.000000   -0.001300    4.230500    2.845200    0.181000    6.102700   -3.845600    4.038300    0.104300   13.971600  -21.451900    2.226000   -0.118000    1.830900   13.758000    2.614300    0.064100   -0.100800    1.422300    0.213600   -0.437500    0.000000    0.000000    0.000000    0.000000    0.000000    0.000000    0.000000    0.000000    0.000000    1.280500    0.270800    0.000000    0.595100    2.066300    1.382400   -0.023600    7.221700  -19.191000    4.114800    0.990800   10.913400 
-177.346275  -74.111225  -56.660575   -0.716125   75.144375 -214.973600   -5.364225  -14.340700  594.686775 -101.626850   31.156100   68.767275  -42.268325 -177.561900  -37.538275   29.910700 -234.073400  -60.342575   -0.323800  -68.798775   -9.823725   -1.724975    0.000000   -2.314200    0.000000    0.000000    0.000000    0.000000 -208.865925  -91.911050  -98.695775   -1.633800  192.752550  -87.975775   36.490325   -7.215950  238.997425  -68.052275   15.521725    6.694075  111.790200    2.759850  -15.128975   88.400275 -166.749575    4.272675    1.983225  -47.978975  -53.619200   -3.524475    0.011925  -19.810250    0.000000    0.000000    0.000000    0.000000 -192.207575 -142.616025  -51.807550  -13.395200  226.799150  -26.306850   62.204400   -1.120750  122.729625  -22.817450   -5.897550  -10.257375   43.155675   28.742750   -1.908425   52.725650  -47.460025   50.536200    9.610225   43.522850 -109.659325   -3.608250    1.041950  -35.219225   -5.699125   -1.489975    0.000000   -2.796850    1.008075  -40.906875   70.030100  -18.760750  176.837100    8.279800   76.159200    0.000000   46.438475   -0.332400    4.530225   -3.505200  -17.838700   13.225775    3.264700  -13.818375   30.281925   43.814475   19.580350   64.178450  -71.744100   -9.464950    6.403600    8.931000  -36.250750  -19.140825    0.146550  -11.507925  161.095450  132.926725  101.664300  -11.907325   88.969800   11.648125   46.079675    0.000000   11.850250   -0.344975    1.974825    0.047700  -15.643825   -2.030550    0.411550  -11.667125  -40.043575    5.546150    5.021675   13.048600   13.790375    7.421875    4.767125  107.724275  -79.397575  -48.459925    0.453100    9.190200  210.417375  102.663275   37.806375   -0.434625   44.082950    7.522500   12.083200    0.000000   -0.408775    0.000000    0.665025    0.000000   -1.170725    0.000000    0.000000   -0.141525  -53.717875   -5.663900   -0.145750  -21.849525    6.162950   14.375025    1.679275   39.456300  -20.871075  -20.730750    1.523500   67.415575  124.834000  125.886775    6.741925    0.790600    8.653275    3.607300    2.850625    0.000000    0.000000    0.000000    0.000000    0.000000    0.000000    0.000000    0.000000    0.000000  -18.607875   -0.136850    0.000000  -12.755075  -62.419725  -32.951800    1.347700  -53.176275   70.204500  -80.016100   -4.604350   90.384950 
 160.214850   69.490150   64.944050    0.875750  347.843750  426.433400  131.192150   -3.899200 -101.626850  686.413900  -83.338400   17.171150   13.382550  128.053600  -49.952150   27.529200  -68.595400  -29.957950   -0.707800  -13.625150   -4.884850   -1.457350    0.000000   -1.075200    0.000000    0.000000    0.000000    0.000000  338.666950  151.563700  180.317850    0.907200  164.555300  122.042850   68.489450    0.764300 -155.557950   51.588850 -169.862150   -1.638050  139.441200   -5.240900  -38.646350   48.719150   12.965050    6.678550   -2.103150   -4.881350  -16.170200   -1.809350   -0.190950  -13.941500    0.000000    0.000000    0.000000    0.000000  464.917050  240.596350  141.824700    1.588800 -118.295100  -22.841100 -177.018600   -0.934500 -257.564750  -73.104700 -188.495300  -27.516750   45.241550  -41.968500  -20.938050  -20.466100   94.487350   -3.242800   -0.071150   -5.412900  -27.833450    1.195500    0.551700  -33.617850   -0.217250   -1.562350    0.000000   -4.151100  242.025950   37.256250  -77.119400   -0.014500 -230.437400  -42.611200 -230.254800    0.000000 -135.306650  -12.949400  -70.921150   -5.146200    5.057800  -15.437850   -0.696800  -18.792750   81.719050  -12.265650    3.457100   12.620700   -0.289600  -13.834700    3.336600  -34.414000  -19.189500   -3.432450    0.119300  -20.320050  -67.472300 -125.842150 -162.354200    4.198550 -175.581200  -24.073750 -129.929450    0.000000  -42.008500   -0.977350  -16.393550   -0.063800   -0.720450   -3.213300    0.234300   -1.025250   45.141050  -10.283100    4.447550   -1.253400   59.349750   32.418750    6.485250  -38.616850  -35.822950   -0.517050    0.108600  -59.143800 -341.528250 -147.667850 -101.764250   -2.465250 -116.917300  -11.275000  -44.090800    0.000000   -6.095150    0.000000   -2.612350    0.000000    0.923150    0.000000    0.000000   -0.301650   32.635250    5.261600    1.170500   -4.194650   67.277700   27.947650    1.053150  -26.762200  -24.638950   69.985500    0.176000  -93.844050 -321.231000 -263.746850  -40.180950   -3.961400  -75.472850  -16.876200  -17.323750    0.000000    0.000000    0.000000    0.000000    0.000000    0.000000    0.000000    0.000000    0.000000   14.370250    1.158900    0.000000    3.152050   55.329150   44.169200   -0.443800    2.344850  -23.543000  215.018400  -10.046100  -91.215300 
-136.184100  -51.970900  -41.294300   -0.959500 -224.882500 -232.850400    2.262100  -18.449800   31.156100  -83.338400  134.260400  -45.816900  198.149700  112.638400   31.302900   61.979800   90.637400   13.767700    1.121800   34.500900    1.019100    0.219100    0.000000    0.676200    0.000000    0.000000    0.000000    0.000000 -186.981700  -55.012200  -46.392100   -1.578200  -23.036800  -59.467100   81.858300   -7.355800   49.712700  -74.108100  117.967900  -62.816700   53.377800  -26.454600   14.583100    4.195100  114.884700  -10.046300    3.288900   55.408100   11.571200    0.851100    0.035700    5.794000    0.000000    0.000000    0.000000    0.000000 -215.882300  -61.033100   36.506800    2.407200    8.415600    2.006600  135.486600   -0.963000    6.508500  -30.886800   54.976800  -35.549500  -26.299300  -64.284000    3.363300  -52.223400   87.675900  -30.958200    1.826900   40.932400   32.820700   -3.918000   -0.025200   23.167100   -0.321500    0.479100    0.000000    1.416600 -116.715700   15.207500  110.181400    5.327000   13.469400    9.222200   78.078800    0.000000   -0.020100   -0.573600   10.606900   -5.962800  -37.411800  -27.287900    0.605800  -41.858500   20.775700  -43.991100    3.497400   -2.159200   33.552600  -16.011800    0.650400   41.489000    6.412000    1.649700    0.314200    6.370300  -50.791200   63.052900   57.175200   -0.546300   -1.197800    1.997500   18.246700    0.000000    0.626000    0.049100    1.301300   -0.177200  -12.992300   -6.225200    0.299200  -10.573500  -24.146300  -30.501400    0.959700  -19.774600   14.791500  -38.977500    0.578500   31.336100   17.352700   -9.122700    0.498400   15.882800  -23.930500    8.237100   14.450500    0.196500   -5.201200   -4.620000    3.689800    0.000000    0.605900    0.000000    0.309100    0.000000   -0.528900    0.000000    0.000000   -0.170100  -17.446500  -10.854600   -0.143000   -5.632100  -11.161200  -35.615900    0.116100   17.633200   -0.951300  -50.068000    0.649000   36.139300   -6.419000    0.336100    4.345700   -0.591600    3.252100   -1.367800    0.962500    0.000000    0.000000    0.000000    0.000000    0.000000    0.000000    0.000000    0.000000    0.000000   -6.136500   -0.733400    0.000000   -0.887300  -23.199900  -27.920200    0.022800    9.240900  -38.387000  -70.710400   -0.008400   62.901800 
  99.278225   39.549275   46.427925    1.476375  227.396875  171.549400   91.621275   18.395300   68.767275   17.171150  -45.816900  148.517775 -237.679825 -243.574900  -35.253775   14.144700 -171.091400  -47.324075   -1.039800  -54.034275   -4.863225   -1.004475    0.000000   -1.233200    0.000000    0.000000    0.000000    0.000000  143.115575   30.092950   91.378725    2.265200   62.983550    0.758725   44.691825    8.750050   -4.409075  -41.187775  -92.358775  125.175575   14.119200  -76.608150  -17.583475  110.820775 -202.901075  -23.148825   -2.412275  -74.583475  -37.318200   -3.928975   -0.059575  -15.815250    0.000000    0.000000    0.000000    0.000000  144.365925   38.288475   97.871450   -4.529200  -41.527850  -55.298850  -66.597600    0.859250  -68.627875  -33.626450  -85.998550   46.775125   62.444175    3.272750   -4.361925  155.823650 -150.195525   -6.004800    1.734725   -1.110150 -109.935825  -14.528250    0.190950  -49.968725   -3.761625   -0.994475    0.000000   -2.528850   -2.665425   14.290625   -2.462900   -5.990750  -86.785900  -28.979200  -89.276800    0.000000  -42.512025   -4.425400  -28.865275    6.045800   40.962300   10.091275    1.738700   91.369125  -22.819575   12.383975    6.597350  124.027450 -150.196100  -26.713950    0.880600  -42.444000  -38.350750  -15.772325   -0.287450  -19.171425 -139.870550  -76.758775  -53.369700   -2.998825  -70.839200  -11.394375  -45.146825    0.000000  -11.954750   -0.864475   -4.968675    0.061700   13.494675    2.788450    0.247550   18.040375   27.179925   12.584150    1.705175  108.770600  -63.817125  -10.940625    0.454625   83.629775 -127.019075  -52.773425   -0.074900  -27.360800 -149.570125  -85.171225  -31.396125   -3.862125  -41.463050   -7.297500  -13.957800    0.000000   -1.979275    0.000000   -0.529475    0.000000    0.259775    0.000000    0.000000    0.162975   14.894625    1.498100    0.189250   33.709975  -28.808050    1.375525    0.474775  107.542300 -168.507575  -25.745750   -0.136500   57.672075  -99.386000  -83.372725  -12.339575   -2.142400  -23.301225   -7.101700   -5.171875    0.000000    0.000000    0.000000    0.000000    0.000000    0.000000    0.000000    0.000000    0.000000    4.439625    0.501150    0.000000    4.093425  -10.214225   -5.902800    0.021700   48.923225 -142.490500    4.556900    4.128650  130.853950 
-256.993175  -79.509325  -78.594275   -2.706625 -685.383125 -387.402200 -129.260325  -55.533900  -42.268325   13.382550  198.149700 -237.679825  848.068975  444.748700  104.342825  111.248900  317.748200   60.021725    3.352400  103.979325    2.513175    2.131925    0.000000    0.451600    0.000000    0.000000    0.000000    0.000000 -362.971225  -14.620850  -99.394675   -3.817600 -188.058650  -40.764675   22.260025  -22.158150   92.791725  -78.970175  253.337825 -252.686225  161.120400   28.758450   56.268925  -96.343825  434.112725   10.945975   10.683325  185.813925   43.701600    4.280425    0.308225   21.115750    0.000000    0.000000    0.000000    0.000000 -485.908275    0.801075  -53.971350   10.829600  -71.825450   80.922550  209.163800   -2.812750   69.646125  -29.203650  176.738650 -121.452875  -97.558025 -144.583250   15.511275 -262.864950  352.488075  -64.597600    5.687325  100.294450  157.316975   10.069750    0.355150   81.334675    3.212375    1.751925    0.000000    2.567550 -379.793225  -73.684375   87.672700    8.717250   25.211700   40.199600  193.458400    0.000000   54.627575    4.535200   55.902325  -17.530400 -116.059900  -73.760325   -0.703100 -172.454875   88.038225 -102.770425    0.211950 -127.859350  234.814300    2.883850    2.117200  108.462000   47.082250   12.256475    0.979350   22.634775 -118.635350   64.197825  124.421100   -4.089025   32.314600    7.800625   85.879975    0.000000   19.544250    1.451925    9.771525   -0.407100  -39.889525  -16.602350    0.179350  -37.083625  -61.160275  -71.386450    1.238975 -159.362800  137.333875  -45.215625    4.153625  -60.460825  155.336725   44.185775    1.643700   35.490400   20.732875   75.847175   60.625875    0.328875   16.872150   -1.687500   23.851400    0.000000    3.519325    0.000000    0.581925    0.000000   -1.550825    0.000000    0.000000   -0.802425  -37.426375  -17.135300   -0.172750  -50.728425   50.002150  -26.913075    0.299175 -119.844900  189.107225  -10.967750   -0.140500  -48.610725  -27.027000   52.561675   15.513225    0.696200   11.637175    2.427100    7.888125    0.000000    0.000000    0.000000    0.000000    0.000000    0.000000    0.000000    0.000000    0.000000   -6.911375   -1.782450    0.000000   -4.670775  -12.503825   -9.773600   -0.467100  -54.573175  165.561500   -8.044700  -15.439950 -102.973850 
-175.571100  -72.478900  -68.365300   -2.209500 -391.607500 -298.043400 -111.550900  -34.070800 -177.561900  128.053600  112.638400 -243.574900  444.748700  639.246400   65.900900   11.340800  412.655400  136.536700    3.282800  131.218900   13.856100    3.101100    0.000000    4.045200    0.000000    0.000000    0.000000    0.000000 -245.425700  -93.686200 -140.494100   -3.202200  -57.542800  -57.914100  -22.340700  -14.861800    9.191700    6.909900  182.815900 -234.825700   -3.726200  136.123400   35.210100 -180.157900  489.638700   55.992700    7.776900  192.445100  107.705200   10.983100    0.144700   41.499000    0.000000    0.000000    0.000000    0.000000 -255.948300 -115.290100 -134.337200    6.056200   82.322600   43.528600  136.173600   -1.643000   56.888500   -8.097800  144.737800 -106.519500 -192.820300  -75.079000    4.349300 -332.761400  342.438900  -17.122200   -2.065100   36.655400  291.949700   30.617000   -0.144200  124.074100    9.938500    2.791100    0.000000    5.918600    3.850300  -60.462500   46.029400    6.217000  149.312400   40.566200  157.699800    0.000000   48.362900   -0.880600   48.889900  -14.223800 -141.587800  -49.595900   -3.223200 -198.393500   46.024700  -68.138100  -11.519600 -244.938200  359.524600   35.627200   -0.936600  113.589000   90.312000   35.768700    1.008200   41.611300  274.374800  142.800900  113.879200    7.997700  115.156200   22.432500   72.295700    0.000000   12.841000    1.526100    6.167300   -0.521200  -40.678300  -12.219200   -0.356800  -41.133500  -89.517300  -52.264400   -3.426300 -234.586600  152.681500  -14.982500    1.113500 -138.661900  286.096700   99.188300    1.001400   61.218800  214.209500  179.124100   51.450500    8.521500   60.574800    9.670000   19.205800    0.000000    1.773900    0.000000    0.311100    0.000000   -1.571900    0.000000    0.000000   -0.857100  -46.186500  -10.166600   -0.673000  -73.914100   41.084800  -38.248900   -1.221900 -202.827800  352.347700   21.647000    1.209000 -100.894700  112.781000  101.763100   14.469700    4.421400   36.214100   10.441200    5.457500    0.000000    0.000000    0.000000    0.000000    0.000000    0.000000    0.000000    0.000000    0.000000   -9.396500   -1.791400    0.000000   -7.613300    8.027100  -18.754200   -0.381200  -80.876100  235.353000  -34.123400   -4.161400 -226.552200 
 -30.892225  -10.565275  -10.674925   -0.261375 -118.466875  -62.710400  -33.207275   -3.812300  -37.538275  -49.952150   31.302900  -35.253775  104.342825   65.900900   31.179775    3.492300   81.052400   21.007075    1.071800   24.170275    2.897225    0.853475    0.000000    0.616200    0.000000    0.000000    0.000000    0.000000  -57.173575   -8.000950  -20.807725   -0.308200  -51.740550   -3.472725   -5.959825   -1.817050   15.627075  -14.001225   52.304775  -32.858575    9.507800    6.509150   19.607475  -27.646775   75.249075    0.371825    2.843275   28.997475   15.786200    1.267975    0.072575    7.495250    0.000000    0.000000    0.000000    0.000000  -90.132925   -4.192475  -12.289450    1.092200  -19.693150   10.687850   38.606600   -0.174250   14.742875   -1.685550   42.335550  -13.775125  -20.826175  -21.707750    6.568925  -47.179650   48.781525  -11.413200    1.071275    5.256150   37.688825    1.378250    0.056050   19.172725    0.941625    0.758475    0.000000    1.382850  -77.632575   -7.415625    9.243900    1.970750    8.416900    7.602200   37.348800    0.000000   14.188025    1.246400   14.151275   -1.542800  -14.289300   -8.302275    0.308300  -24.644125    3.492575  -17.082975    0.698650  -28.855450   39.460100    0.281950    0.535400   16.604000   10.535750    4.185325    0.255450    5.723425  -29.057450    1.124775   21.322700   -0.108175   13.372200    2.289375   19.624825    0.000000    5.589750    0.023475    3.060675   -0.069700   -4.271675   -1.646450    0.145450   -4.370375  -11.506925  -10.380150    0.687825  -24.424600   15.412125   -7.794375    0.870375  -12.700775   32.917075   11.325425    0.340900    6.312800   36.135125   10.015225   15.466125   -0.052875   11.865050   -0.027500    6.064800    0.000000    1.075275    0.000000    0.313475    0.000000   -0.300775    0.000000    0.000000   -0.101975   -4.479625   -2.352100   -0.134250   -5.513975    1.020050   -4.096525   -0.115775  -18.884300   35.855575   -3.769250   -0.103500   -6.935075   32.621000   32.431725    5.677575    1.038400    9.660225    1.939700    2.546875    0.000000    0.000000    0.000000    0.000000    0.000000    0.000000    0.000000    0.000000    0.000000   -0.659625   -0.017150    0.000000   -0.095425   -2.006775   -3.865200   -0.049700   -5.422225   23.985500   -6.267900   -1.654650  -17.131950 
 -56.681700  -12.768300   -7.394100   -0.311500  -84.317500  -75.934800   25.162700  -13.722600   29.910700   27.529200   61.979800   14.144700  111.248900   11.340800    3.492300  104.837600    1.598800  -18.830100    0.616600   18.093300   -2.968300   -0.358300    0.000000   -0.650600    0.000000    0.000000    0.000000    0.000000  -77.642900  -37.846400    2.022300   -0.498400    7.438400  -67.152700   59.527100   -4.804600   33.614900  -79.444700   56.457300  -19.512900   49.453600  -60.100200    2.199700   73.058700   46.338900  -15.363100    2.914300   47.069700   -8.560600   -1.209300    0.015900   -2.482000    0.000000    0.000000    0.000000    0.000000 -114.175100  -57.424700   30.511600    0.076400    8.957200  -29.825800   78.319200   -0.656000  -18.270500  -47.496600   14.231600  -21.261500  -35.844100  -66.418000   -0.862900    1.109200   44.243300  -32.203400    2.450300   76.548800   -7.214100   -6.761000    0.322600   11.972700   -1.515500   -0.123300    0.000000   -0.795800  -96.755900  -13.902500   82.566800    0.039000  -12.432200   -4.653600   48.870600    0.000000  -13.658700   -4.388200   -0.779700   -4.158600  -46.396600  -25.377300   -0.390400  -21.214500   -1.344100  -39.680700   -0.236200   44.904600    6.596200  -23.656600    0.824800   53.153000   -4.846000   -6.211100    0.435400   -0.218900  -61.944400   40.032300   53.167400   -0.703100  -29.058600   -1.477500    8.522900    0.000000   -4.373000   -0.463300   -1.226900   -0.116400  -13.185100   -5.742400   -0.149600   -7.839500  -40.518100  -28.651800   -1.891100   -4.475200   21.775500  -40.902500    0.349500   63.325700  -12.815100  -27.984900    0.820800   12.683600  -78.588500    0.037700    8.418500   -0.264500  -32.744400   -6.655000   -1.572400    0.000000   -0.686700    0.000000   -0.278300    0.000000   -0.754300    0.000000    0.000000   -0.218700  -18.200500  -11.845200   -0.386000   -7.277700   -9.049400  -38.433300   -0.229300   24.903400  -20.973100  -35.536000    0.093000   50.949100  -99.223000  -53.474300   -7.029100   -1.339200  -19.777300   -6.473600   -2.927500    0.000000    0.000000    0.000000    0.000000    0.000000    0.000000    0.000000    0.000000    0.000000   -0.785500   -1.725800    0.000000   -0.305100  -28.066300  -26.767400   -0.256400    6.643300  -22.804000  -56.654800   -1.270800   71.691600 
