 130.994375  327.993375   18.817750   17.673500  166.550625  238.525625   32.079125   33.177375  -99.054375  167.620750   18.256500   14.093375 -233.745875  113.335750    1.271875  -10.064000  -75.079125   23.822125   -2.531125   -3.181875   -0.755625  -46.399250  -15.335875   -1.680500  -20.286750  -74.611125   -8.735250   -2.648375   81.697750    2.444250   -6.295500   19.337750   99.153250  -76.106125    6.358750   13.283125  -23.930875   13.884500  -10.030125    3.996000  -81.439375  -33.814625  -27.932875   -9.602375  -28.690125 -191.111250  -33.329250   -0.783875  -16.561500 -170.252375  -26.414875   -2.748750  -31.871875 -116.584625  -12.807875   -4.930375  117.650000 -290.741250  -11.784125   -8.481125  119.303250 -180.667875   -2.559875   -3.112750  -52.825000  -45.182875  -28.411000  -11.774875  -75.316375   18.522500  -23.549250   -4.003375   -6.784125   51.252250   -5.308875    2.728000    0.734250   49.436375   -4.035000   13.895625   -0.910625   14.865875   -4.723125   15.487875  139.936125   57.768375   10.612625   16.652625   18.794000   77.665625    9.290625   15.509000 -111.098625   88.028750   16.207500   -8.205875  -58.197625   61.888875   22.730000   -9.392500   -3.243875   42.072125   11.298375   -6.322375    5.495250   65.294375    0.762750   10.656125   89.675625   83.030000    1.109375   63.443250   39.546875   90.659625    4.329375   14.242375  -37.215000   65.828375    0.945500    2.711125  -43.813625  -18.528625    1.167750  -12.162000  -11.049875 -120.989375  -19.603250   -8.626500   -2.615625 -155.674750  -15.870875  -11.713500   -4.043500 -134.837000    0.107750  -30.284000  126.908250  -76.382125   27.811125  -36.242000   -6.107750   12.457125   -0.804875   -1.372000  -14.330750  -25.768875   -2.415875   -5.067000   -5.676875  -32.338000  -11.005375   -2.464500   -1.257875  -16.971125   -6.043125   -0.372625   -2.540000   -6.585375   10.862375   -1.074750   -2.944000   11.196625   25.310750   -6.894375  -39.131750   -7.098000   25.014875  -25.621375  -15.664625  -34.485375   -2.010750   -7.521250  -11.055750  -55.674250    1.636250  -17.678250   15.749250  -78.696375    0.126625   -4.245250   25.662500  -21.151625   -2.621875   26.341000    7.771250  -14.663750   25.559250    3.419750  -10.237750  -48.719625   13.497250   -0.093125  -37.733500  -51.694750  -19.518125   -0.508875 
 327.993375 2527.533975  109.534350   67.766900  393.874625 1554.136625  233.476525   68.670575 -140.917375 1125.444550  229.089100   57.831975 -1062.766475 1094.763550   38.147875   17.454400 -387.532525  700.425725   -2.373325    1.342125   94.908375   70.232550  -69.487475   14.275300  -50.382950 -300.892325  -37.996850    1.019025  277.347350  736.866450  -64.353700   58.007350  533.388050  -32.936325   13.974750   76.794125  104.703525 -166.033700   -9.706925   -5.594600 -442.160375 -419.898225 -178.891275  -77.950575 -172.443925 -1107.003250 -254.776450  -24.355675  -87.193100 -1043.612575 -179.277075  -19.286750 -197.099875 -778.070225  -82.249275  -28.387775  244.478000 -2429.988250 -174.297525  -64.438325  858.317050 -1290.905275  -22.717075  -48.394350   -3.359000 -503.420275 -132.080400  -72.142075 -384.778175 -147.552500 -185.469450  -23.761975  -40.808525   20.360650  -65.438675   21.148200   -9.484550  113.570175  -36.043000   73.058625  -21.835625   -7.638525  -34.492125   75.276275  596.509325   77.129975   39.175425   55.769425  187.753600  397.768625   71.249625   65.228600 -711.710825  602.842750   56.265500  -23.744475 -380.448425  513.182675  139.982000  -50.873500  -21.805675  409.103725   27.281975  -12.230575   35.809850  434.092375   10.780350  120.600325  457.116625  443.239000   36.937375  382.284050  278.229875  349.645225    5.122375   55.363575 -222.545000  390.980975   32.229700   27.840325 -346.653825  -75.686825   39.082350  -86.437800  -97.334075 -737.410375 -159.283050  -55.349100  -18.509625 -976.445150 -109.573475  -66.674900   28.336100 -841.818800   12.219350 -152.520600  588.619050 -407.538725  233.169325 -137.138800  -10.149350  104.648725   -5.469075   -0.329800  -87.488550 -113.565675   10.280525  -24.572800  -57.090875 -244.611200  -54.072775  -12.990300  -17.440275 -138.944325  -52.906125   -3.018425   -3.458000  -35.853775   76.874575   -5.694150   41.243400   89.359025  206.754550  -39.836375 -350.042950  -29.632200  148.753075 -152.728175  -20.579225 -127.068775   -4.621550  -17.235250  -10.748550  -94.851450  -26.206750  -60.360050   -0.718550 -179.734175  -10.908975  -55.596850  101.162500 -134.218025  145.171125    7.734400   72.808250 -202.658750  288.431450  -14.562850  -31.150350 -337.916225   -0.385350   -1.408125 -201.679900 -308.567150 -242.503125   -3.366675 
  18.817750  109.534350   14.649100    1.138400   33.960250   83.387250   18.668650    3.356950  -17.906750   68.616300   17.977600    6.817350  -81.299350   85.650300   10.069750    1.578400  -28.144650   63.214850    4.291550    0.410250    9.072750    4.869300   -4.070350    0.665800   -3.753700  -28.907450   -3.544100   -0.441350   15.992100   45.999700    8.876800    1.107100   31.427300  -14.356450    5.478500    4.122250    8.110650  -14.133200    1.606950   -0.950600  -28.234750  -24.719850   -8.617150   -6.141950  -12.395050  -75.414500  -16.274700   -2.105550   -4.236600  -76.753950  -12.285950   -1.490500  -14.001750  -57.861850   -6.490150   -2.006150   14.178000 -136.019500   -9.429650   -3.153450   59.386300  -80.106150   -1.045950   -2.819100   13.266000  -32.396150   -9.169400   -4.665950  -24.725550   -6.330000  -14.052700   -1.402350   -4.350650    9.735900   -4.198550    1.650200   -0.926300   17.667550   -2.463000    5.444250   -0.891250   10.334350   -2.315250    6.892150   36.739450   -0.894650    2.849050    1.598050   15.749600   17.139250    4.805250    4.179600  -36.878450   34.716500    5.418000   -1.787350  -22.582050   28.247550    9.632000   -3.146000   -2.305550   20.582850    4.502350   -0.411950    1.877100   28.231750    2.480100    7.370450   43.392250   35.009000    2.691750   23.708300   18.086750   21.861850    1.541750    1.914950  -15.255000   14.711350    1.719200    1.280450  -18.476450  -14.239450    2.267100   -3.825800   -5.022950  -57.044750   -8.697300   -3.072600   -1.380250  -73.192900   -5.401350   -3.961400    0.364600  -64.861800    2.974100  -10.801600   48.758300  -37.977850   16.964450  -18.856800   -0.159100   11.567850    0.287050   -0.162800   -5.190300   -7.350550    0.332650   -1.500800   -3.877750  -13.928200   -3.216150   -0.125800   -1.001150   -9.104450   -3.084250    0.047950    0.537000   -4.422150    3.885950   -0.261900    6.702400    0.158650   13.276300   -2.445750  -30.043700   -5.314200   12.011950  -10.150550   -4.800850  -13.862150   -2.048300   -1.691500   -0.190300  -18.729700   -1.480500   -5.934300    0.209700  -14.051550    3.920650   -2.309100   -0.440000  -17.472650   12.199250    3.263400    5.484500  -23.617500   13.684700   -0.325100    9.009900  -25.782850    1.399900    0.203750   -9.896400  -28.254900  -15.506250   -0.226550 
  17.673500   67.766900    1.138400    6.591600   22.503500   44.891500    4.145100    6.259300  -14.284500   27.471200    2.062400    1.323900  -33.166900    8.047200   -3.418500   -1.378400   -8.609100    0.523900   -3.215300    0.188500    1.073500   -1.241800   -1.890900    0.434200   -1.043800   -8.491300   -0.603400    0.350100    9.180400   -6.087200   -3.896800    6.205400   16.250200   -3.217300   -0.686000    3.221500   -3.751900    1.133200   -4.185700    1.395600   -9.936500  -13.163900   -5.064100   -1.309300   -2.668700  -30.223000   -7.632800    0.159300   -3.088400  -20.057300   -4.650300   -0.402000   -5.729500  -14.131900   -1.286100   -0.855100   16.222000  -57.003000   -2.184100   -2.385300   15.466200  -31.470100   -1.855300   -1.323400   -7.276000   -8.450100   -5.185600   -1.805300   -5.855700    0.290000   -3.419800   -0.228900    1.191900    1.091600   -0.817700    0.164800    0.913800    5.493700   -0.747000    1.054500   -0.417500    3.336900   -0.748500    1.539100   19.649300   12.310900    0.694700    3.115700   -1.099600   14.159500    0.043500    1.360400  -15.690300    7.706000    0.187000    0.181100   -6.621700    7.068700    2.988000    0.016000    0.649300    6.665900    1.033900   -1.049300    1.685400    9.974500   -0.257600   -0.026700   12.766500   12.596000   -0.385500    9.409200    1.589500    9.011900   -1.490500    2.031300   -5.895000    8.099900   -2.169200    0.848300   -5.542300   -7.719300   -1.989600   -1.919200   -1.453300  -20.576500   -3.145200   -0.967400   -0.343500  -22.089600   -2.064900   -1.788600   -0.299600  -16.903200   -0.331600   -4.793400   19.699200  -11.715900    4.189300   -4.523200   -2.283400   -4.159100   -0.813300   -0.362200   -2.087200   -5.770700   -0.923900   -0.444200   -0.173500   -6.551800   -1.575100   -0.294200   -0.230100   -3.734300   -0.069500   -0.206700   -0.687000   -1.474100    1.985300   -0.205600   -0.537400    1.675100    3.901200   -1.210500   -4.048800   -2.780800    2.754300   -3.955700    3.172100    6.830900    0.925800    0.344000   -0.172200   13.892200   -0.527000    0.591800   -0.437200    4.450300   -1.336900   -0.408400    2.395000    3.818900   -2.155500    2.391600    0.508000   -0.620000    4.707800    0.222600   -1.197400   -6.935900    1.542600   -0.037500   -4.338600   -7.927600   -5.377500   -0.079700 
 166.550625  393.874625   33.960250   22.503500 1469.244375  415.599375  116.422875  112.568625  788.484375  497.278250  -44.033500  197.734625 -1388.537125  172.458250 -161.346875  -40.054000 -685.802875   48.370875  -22.024875  -49.143125  -28.109375 -164.881750  -21.757125   -3.030500  -75.734250 -409.834875  -48.767750  -13.519625  168.265250  462.051750   50.754500   39.010250  595.390750 -442.284875   75.891250   57.281875  176.142875 -200.915500  -97.938875   36.526000 -441.485625  453.031625 -121.569125  -28.773625 -146.868875 -406.038750  -67.241750  -24.950125  -17.126500 -683.278625  -80.716125    4.428750 -116.968125 -724.078375  -77.184125  -17.276625  183.430000 -533.468750  -44.512875    0.990125  690.490750 -675.779125  -58.906125   42.719750  143.330000 -354.129125 -183.831000  -23.576125 -365.612625   83.047500 -146.981750  -16.894625  -54.777875  136.079750  -33.405125   10.888000   -1.928250   69.292625  -19.310000   60.484375   -8.584375 -101.762875  -23.736875   57.334125  210.829875   -6.200375   -2.528625   10.671375  406.119000   -7.950625  -59.005625   48.654000  -30.737375   29.526250  -44.437500   10.272875 -221.001375   61.445125  123.120000  -37.792500  -21.285125  142.370875   91.179625  -11.803625    8.247750  232.090625    7.535250  141.629875  210.269375  210.945000   -0.974375  319.755750   16.423125    9.888375  -25.569375   11.863625   57.065000  -27.830375  -63.614500   26.929875   11.947625 -210.187375   21.800250    3.568000    5.978875 -548.590625   58.374250  -34.921500   -6.009375 -651.967250   20.942875  -55.383500    0.451500 -544.747000    8.370250  -64.584000  460.800750 -336.750875   67.379875  -12.187000  -49.080250 -101.074125  -15.631125  -14.207000   15.291750  -96.880125  -35.352125   -8.937000   43.881875  -78.128000  -30.916625   -0.234500   20.175875 -111.174875    0.658125   -0.286375   -5.375000 -155.641625  -12.726375   -5.807250   29.756000 -191.109625   46.738250  -35.235625   15.530750 -181.028000  174.776125 -100.182625  -13.233375 -176.641625  -24.903250  -19.303750   50.826750 -197.126750  -39.141250  -53.830750   62.446750 -278.327625  -70.344625  -14.502750   74.682500 -295.720375 -128.588125   42.346000   72.948750 -104.056250  -51.223250    7.782250   64.504750 -171.418375  218.294750    0.568125    4.511500 -197.932250   60.908125   -3.240125 
 238.525625 1554.136625   83.387250   44.891500  415.599375 1210.084375  156.780875   76.222625 -113.500625  845.274250  143.698500   63.441625 -945.599125  721.249250   39.153125    0.489000 -297.135875  572.037875   31.236125    1.581875   99.420625  115.009250  -45.249125   19.590500  -38.323250 -219.008875  -25.324750   -0.561625  184.962250  385.005750  -19.164500   32.132250  389.641750  -42.623875   26.121250   63.581875   64.405875 -104.809500  -30.224875   20.369000 -343.235625 -226.745375 -106.692125  -60.497625 -123.894875 -794.668750 -160.390750  -20.061125  -54.148500 -785.217625 -132.765125   -5.651250 -161.178125 -618.115375  -64.627125  -22.804625  164.250000 -1691.533750 -118.320875  -44.028875  577.071750 -971.972125  -20.295125  -27.057250    1.490000 -387.232125 -102.044000  -55.210125 -256.938625  -94.427500 -133.375750  -17.661625  -18.655875   -6.672250  -48.346125   12.537000   -5.914250   86.248625  -31.645000   50.209375  -12.764375   20.084125  -28.186875   58.067125  433.933875   89.816625   43.797375   32.232375  152.866000  265.269375   49.019375   44.596000 -497.076375  389.126250   25.837500  -15.559125 -259.827375  335.576125  111.090000  -30.947500  -12.721125  284.142875   35.881625   -5.247625   23.099750  341.830625    7.532250   80.518875  392.064375  381.740000   23.600625  258.056750  204.983125  338.800375   13.610625   34.937625 -156.045000  270.386625   15.579500   21.388875 -244.381375  -66.341375   23.132250  -55.943000  -60.240125 -564.575625  -98.926750  -38.728500  -13.074375 -729.010250  -63.924125  -48.376500   18.648500 -600.818000   22.272250 -124.826000  492.581750 -301.452875  165.388875 -135.743000  -19.202250   91.547875   -4.905125   -7.313000  -56.784250  -85.096125   -2.159125  -21.068000  -35.513125 -169.437000  -41.779625   -6.825500   -8.462125  -84.393875  -25.346875   -0.802375   -2.520000   -5.424625   71.042625   -4.700250   43.874000   55.583375  138.079250  -35.115625 -270.223250  -47.722000  108.450125 -127.348625  -28.190375  -79.414625    5.470750  -17.983750    1.455750  -36.145750   -2.246250  -47.161750   18.395750  -94.278625   14.563375  -38.614750   64.432500 -181.773375   90.416875   11.244000   57.323750 -241.971250  148.565750   -4.684750   24.037750 -297.315375   -1.867250   -0.821875 -149.751500 -284.340250 -198.866875   -3.066125 
  32.079125  233.476525   18.668650    4.145100  116.422875  156.780875   58.962975    6.187925   32.304875  159.359450   54.188900   20.963525 -230.849025  169.955450   17.839625    0.967600  -88.221975   75.659775   12.444825    0.305375   -0.415875  -35.098550   -9.928025    0.818700  -20.823050  -79.291175   -7.931150   -2.879525   47.105650  125.494550   16.837700    3.545650   96.760950  -58.307175   32.515250    9.638375   11.710975  -71.412300    9.780425   -5.273400  -89.482125  -46.217275  -24.983225  -14.017925  -35.032575 -206.521750  -34.089550   -7.780825  -13.429900 -221.130925  -28.381425   -3.578250  -36.122625 -170.445275  -17.815225   -4.206725   61.457000 -276.211750  -12.066975   -5.550175  160.986950 -198.614225    1.673575   -0.333650    2.154000 -101.124225  -26.481600  -10.761425  -81.783325  -21.967500  -35.441550   -4.503525  -11.650975   11.586350   -7.362825    2.412800   -1.904450   30.976325   -5.177000   14.138875   -2.016875   13.164025   -6.660375   20.073225  109.964175   10.285525    8.191075    7.202075   54.134400   49.903875    6.002875   12.989400 -101.997675   84.772250    7.864500   -2.001025  -66.438075   60.743825   38.043000  -10.346500   -4.295825   58.001775   25.363525   -2.447925    6.243150   81.475125    4.362650   23.308175  105.585875   86.451000    2.570125   79.234950   55.997625   75.700275    4.580125    7.759925  -27.245000   53.149525    5.221300    5.078175  -42.274675  -21.906675   11.230650   -9.281200  -11.294425 -147.132125   -2.955950  -10.078900   -2.222875 -198.026850   -5.227025  -12.467100    9.306900 -173.230200    9.488650  -25.042400  127.269950 -106.276775   48.894175  -36.505200    2.326350   23.506775    0.395575    0.190800   -7.215450  -11.675825    3.658975   -3.471200   -5.631625  -37.054800   -3.541725   -3.003700   -0.119225  -28.719175   -4.191375   -0.878075    0.608000  -18.285725   16.053925   -1.207850   16.393600   -8.979525   50.294450   -8.211125  -83.323050  -29.263800   43.945425  -30.443325   -6.931275  -45.585725   -4.617450   -4.654750    0.274550  -47.289550   -6.818250  -13.903950   -6.755450  -44.537325    2.548475  -13.056150    4.977500  -64.221475   26.571375   -4.397400   24.156750  -81.416250   49.814550   -3.335150   11.497350  -90.974275   13.902350    0.115625  -44.677100  -92.969850  -39.894375   -0.614825 
  33.177375   68.670575    3.356950    6.259300  112.568625   76.222625    6.187925   34.010775  -12.195375   37.406350   -4.257300   28.356575 -124.318075    2.839350  -10.196125   -6.398200  -39.159925  -24.184675   -7.017525   -0.973875   -5.332625  -33.662650   -5.605075    0.729100  -10.856150  -35.650525   -3.564450   -1.149575   22.027950   -5.294350   -3.703900    5.952950   54.595850  -33.903525    0.365750    8.090125    8.376925    3.581100  -10.931725    8.548800  -36.791375   17.252175  -13.363675    0.209225  -10.340725  -65.635250  -12.085650    2.779525   -7.045700  -59.394775  -10.236275    3.585250  -14.522875  -45.891825   -4.999675   -2.319175   20.241000  -72.290250   -8.529925   -3.092525   46.203850  -62.476675   -8.551275    3.038050    6.752000  -23.616675  -17.653800   -2.721275  -25.992975    6.182500   -8.696650   -1.306575   -0.111925   11.943050   -1.096475    0.625400    0.498650   15.761975   -1.946000    3.456625   -1.155625    2.468075   -1.786125    3.603675   15.619525    4.942575   -1.753775    1.754225   23.984200    1.026625   -7.421375    4.554200    5.674975   -5.253250   -3.381500    0.975925  -12.327225   -3.270525   14.059000   -1.344500    0.199525   11.716325    9.361575   -0.780775    1.425450   25.520375   -0.811050    3.546525   22.987625   28.908000   -0.399625   19.437850   -4.542125    4.731825   -3.044625    0.336775   -1.205000   -4.155425   -8.474100    2.826525    8.903975  -19.757025    0.877950    1.633400    2.684725  -41.566375    7.939150   -1.677700   -0.298625  -46.409550    0.202925   -3.580300   -3.918300  -34.613600   -1.588050  -10.063200   46.282850  -16.721325    4.424525   -8.273600   -6.756950   -8.748675   -1.390275   -1.745600   -3.374350  -13.950475   -4.119075   -1.256600    5.615125   -0.051400   -2.839175    0.515900    2.983325   -4.789525   -0.764125    0.042775   -0.821000  -12.811175   -3.516225   -0.552550   -3.125200  -15.844575    3.186350   -3.148375    0.118850   -5.783400   15.443275   -9.842975   -4.779825  -12.031175    1.159650   -4.304250   -4.609350  -30.875650   -1.719750   -7.784850    1.650650  -58.749975   -7.395575   -2.474450    6.362500  -59.338425  -20.295875    8.521800   12.325250  -17.863750   -9.109350    5.953550    4.161050  -15.578825   23.141050    0.461875   -3.640300  -17.943550    3.836875   -0.227475 
 -99.054375 -140.917375  -17.906750  -14.284500  788.484375 -113.500625   32.304875  -12.195375 2929.064375  231.562250   36.934500  197.682625 -361.685125 -250.867750 -344.901875   49.723000 -1614.934875 -471.976125 -242.015875 -103.123125 -321.984375 -497.007750  -95.970125  -20.886500  -51.880250 -626.510875  -64.265750  -36.577625   51.688250  908.662750   72.443500   -3.076750  373.304750   96.494125   76.151250   47.296875  788.749875 -448.471500   -5.637875   94.518000 -210.155625  924.918625 -200.406125   41.320375 -306.607875  444.216250 -111.192750  -60.849125   79.070500 -435.259625  -97.947125   -0.056250 -123.633125 -1029.011375 -117.801125  -22.423625  -28.785000   73.726250  -41.774875   16.874125  536.469750 -436.106125  -78.677125   75.336750  613.800000 -538.841125 -158.093000   21.607875 -345.761625   39.302500 -284.057750  -22.632625 -132.084875   32.046750 -113.554125   -5.801000   17.947750 -152.818375  -19.460000    9.779375  -20.084375 -350.014875  -33.141875   12.331125 -108.519125 -344.472375  -73.219625  -17.924625  619.837000 -284.230625 -119.505625   16.772000  563.316625 -253.783750 -183.962500   21.529875 -243.475375 -142.480875   40.205000  -50.427500  -37.369125  171.178875  127.802625  -32.194625   -8.984250  327.165625   13.638250   97.375875   -6.755625   93.720000    5.020625  237.464750  -78.026875 -230.578625  -53.579375  -16.475375  290.715000 -236.827375  -83.523500   40.435875  215.041625   -4.763375   56.038250   55.654000   -8.362125 -126.595625  243.965250  -48.844500   21.670625 -336.504250  100.809875  -74.525500   -8.690500 -316.471000  -45.171750  -13.842000  313.109750 -264.178875  -56.779125  238.609000  -46.913250 -204.751125  -20.647125  -21.061000   69.857750  -59.519125  -35.095125   -1.811000   60.206875  -46.929000    0.981375   -6.318500   18.168875 -236.300875  -33.946875   -0.720375   14.660000 -423.533625 -132.495375  -13.229250   -7.022000 -476.172625  -74.582750  -50.875625  347.679750 -315.364000  211.052125  -14.621625 -101.691375 -637.903625  -78.662250  -39.778750  -15.022250 -709.102750 -149.251250  -44.289750    7.257750 -861.091625 -238.217625  -60.860750  118.007500 -780.427375 -242.048125  -16.142000  143.773750 -168.436250 -107.872250   16.394250  122.426750   55.463625  394.646750    3.408125  130.074500   25.105750  406.063125   -3.004125 
 167.620750 1125.444550   68.616300   27.471200  497.278250  845.274250  159.359450   37.406350  231.562250  937.285900  143.841800   53.368550 -905.154550  838.297900   19.191750    3.881200 -450.762450  524.596050   34.659150    4.543250   71.905750  129.229900  -23.567550   17.859400  -27.164100 -219.877850  -22.456300   -7.185550  185.415300  506.992100   14.557400   30.385300  378.558900  -92.389850   69.255500   49.344250  103.255450 -188.457600  -10.773650    0.029200 -349.191750 -114.356050 -105.069950  -50.746350 -148.184650 -674.853500 -128.752100  -31.431150  -38.333800 -826.237350 -119.098350   -7.491500 -164.907750 -786.167050  -82.763950  -24.371950  212.939000 -1377.813500  -87.262450  -30.430850  612.115900 -886.006950  -15.213350  -10.651300   18.403000 -439.291950 -113.464200  -46.418350 -277.086150 -130.560000 -144.051100  -19.528550  -40.880450  -30.136300  -44.425150    8.673600   -6.160900   35.542150  -32.509000   52.470250  -11.891250  -68.785450  -35.768250   66.944950  434.958850   49.967550   47.791650   27.598650  221.767800  220.680250   32.813250   44.612800 -434.220850  377.374500   13.019000  -17.903550 -270.575650  291.367150  124.336000  -44.248000  -20.701150  273.610050   76.593550  -19.536350   23.805300  399.207750   13.179300   83.781850  410.744250  430.442000   20.362750  273.371900  208.217750  368.487050   30.087750   38.460350 -105.575000  303.485550   32.005600   22.461850 -193.109850  -17.043850   27.570300  -47.714400  -47.449350 -540.621750  -44.193900  -47.031800  -16.553250 -741.609700  -22.565550  -66.290200   38.132800 -608.537400   35.436300 -137.658800  590.091900 -332.100050  162.068850 -160.537400  -18.796300   96.930050   -0.089350  -11.105400  -29.957900  -61.061150   -0.073550  -21.874400  -17.575750 -167.697600  -39.136950   -7.774400   -1.606950 -114.493850  -17.750250   -1.095650   -6.449000  -53.544950   70.238350   -7.796700   68.288200  -10.230550  154.770900  -46.999750 -227.624100  -97.500600  109.716350 -143.776150  -28.764050 -144.904950   -8.916900  -16.144500   16.437100  -43.287100  -15.026500  -46.089900   11.592100 -124.314150   -4.334550  -53.471300   56.880000 -230.361450   97.040250  -13.588800   55.333500 -268.887500  198.632100  -12.224300   25.600700 -297.760050   11.360700   -1.626250 -129.795200 -263.875700 -209.236250   -2.434150 
  18.256500  229.089100   17.977600    2.062400  -44.033500  143.698500   54.188900   -4.257300   36.934500  143.841800  161.083600   -8.802900  -92.194100  186.075800   88.643500   -0.172600 -139.659900   45.302100   -7.696700    2.486500  -42.188500  -74.280200  -21.990100   -0.206200  -28.953200  -93.325700   -7.307600   -3.931100   49.625600  110.524200   16.339800   -1.589400   72.287800  -11.614700   44.161000    6.733500   43.595900  -92.295200   63.697700   -3.901600 -102.073500  -43.672100   -6.969900  -14.212700  -60.014300 -169.212000  -40.299200  -11.037300  -10.892600 -255.969700  -31.616700   -3.833000  -51.550500 -246.334100  -23.052900   -6.043900   77.543000 -276.167000  -15.789900  -10.091700  172.106800 -222.758900   25.943300    1.687400  -11.389000 -141.923900    8.641600  -17.321700 -134.142300  -44.000000  -46.237200   -8.422100  -26.705900  -35.597600  -14.480300   -0.962800   -3.261800  -19.435700   -5.973000    7.865500   -4.807500  -33.420900  -11.746500   17.094900  158.357700   24.500100   20.283300    7.442300  120.490600   79.155500   46.221500   11.090600 -148.296700  126.024000   20.298000  -13.927100 -116.416300   83.429300   39.872000  -22.826000  -10.612300   92.915100   37.297100  -10.017700    6.055600  127.495500   11.038600   14.698700  130.733500  130.159000    6.350500   66.458800  132.885500  168.589100   34.120500   12.570700    2.125000  141.031100   49.661200   10.068700  -65.199700   78.032300   58.160600  -17.508800  -23.958700  -99.173500   16.582200  -20.173600   -4.811500 -195.369400    2.718900  -19.225400    2.410600 -172.154800   13.232600  -28.202600  156.223800 -101.250100   57.312700  -26.389800   21.992400   83.510100   10.766300    2.549200   -8.425800   26.722700   23.667900   -3.058800  -13.906500  -38.270200    5.191100   -6.303800   -2.203900  -45.447700   -8.880500   -1.861300   -1.568000  -39.169900   13.646700   -2.493400    4.561400  -22.461100   55.581800  -10.904500  -73.888200  -30.201200   50.357700  -24.407300  -18.458100  -98.529900   -5.423800  -13.779000  -31.860800 -132.339200  -13.823000  -34.059800  -26.455800 -185.948300   -2.944100  -38.077600   11.045000 -188.982900   55.540500  -15.272600   28.337000 -119.795000   84.089200   -3.913600   -1.403600  -85.160100   30.106400    0.747500  -51.115400  -88.911400  -31.337500   -0.438300 
  14.093375   57.831975    6.817350    1.323900  197.734625   63.441625   20.963525   28.356575  197.682625   53.368550   -8.802900  102.949975 -246.739475   -6.787450  -40.432125   38.796400 -177.379525  -35.351275  -15.289325  -10.417875  -23.976625  -83.503450  -11.295475    0.994300  -21.018950 -101.908325  -11.089850   -3.123975   23.785350  108.492450    8.610300    5.125350   82.732050  -46.802325   13.054750    9.994125   69.175525  -67.294700  -10.370925   13.722400  -55.575375   55.153775  -32.553275    3.418425  -34.387925  -77.398250  -25.947450   -4.099675   -7.201100 -130.673575  -20.673075    5.508250  -25.929875 -115.283225  -13.671275   -2.694775    6.863000 -101.823250  -16.469525   -2.584325  100.041050 -110.247275  -19.538075    7.422650   71.306000  -86.182275  -35.312400   -1.423075  -35.972175    8.552500  -31.985450   -1.764975   -7.635525   43.782650   -8.307675    0.584200    0.626450   44.934175   -1.208000    6.948625   -3.900625    8.654475   -3.082125    8.858275   -6.004675  -44.347025  -10.555575   -2.006575   59.216600  -42.141375  -23.275375    5.646600   48.653175  -37.162250  -16.929500    2.977525  -18.332425  -11.508325   28.467000   -3.693500   -1.344675   35.676725   27.054975    2.148425   -0.737150   54.477375    5.308350   23.936325   32.241625   30.739000   -1.297625   58.958050  -17.045125  -44.211775  -12.962625   -2.585425   13.275000  -43.091025  -15.704300    3.956325   21.840175  -61.292825    7.955350    4.293200    5.414925  -99.865375   29.892950   -4.187100    5.930375 -121.647150    9.693525   -7.081900    5.244100 -111.052800    2.617350  -10.088600   82.688050  -84.321725    8.680325    3.452200  -11.317350  -34.158275   -4.005075   -3.488800   10.357450  -11.849675   -7.982475    3.208200   15.984125    1.282800    2.110225    4.635700    5.012725  -25.880325   -1.401125    1.307575    6.767000  -50.565775   -9.939425   -1.601150   14.050400  -67.583975   14.668550   -8.746375   -4.153950  -57.988200   46.499075  -21.397175  -12.462225  -49.015775   -6.625550   -4.855250    0.847450  -78.692450  -16.711750   -1.644050   -2.862550 -112.218175  -26.581975   14.650150    5.732500 -102.180025  -38.463875   13.501400   26.333250  -50.363750   -7.687550    6.394150   22.401650  -64.229225   71.751650    0.841875  -12.936900  -62.219150   42.651875   -0.870675 
-233.745875 -1062.766475  -81.299350  -33.166900 -1388.537125 -945.599125 -230.849025 -124.318075 -361.685125 -905.154550  -92.194100 -246.739475 2716.358975 -585.223550   51.724625   37.305600  561.235025 -510.298225 -184.009175   16.770375 -322.975875  -65.907550  -23.840025  -33.320300   18.907950  177.879825    0.736850    1.778475 -230.402350 -481.861450  -65.921300  -45.087350 -709.108050  541.513825 -151.939750  -80.766625 -114.771025  330.428700   99.849425  -34.485400  768.152875 -155.699275  130.733775  100.808075  160.506425 1261.883250   99.966450   48.513175   47.018100 1245.000075  160.189575   -5.518250  202.967375  802.162725   61.116775   27.005275 -276.883000 1379.468250   45.835025   38.345825 -889.192050 1075.052775    8.149575  -25.095650   14.404000  488.627775  196.935400   51.989575  494.770675  -15.277500  190.854450   23.624475   26.141025  -96.445650   18.911175   -6.113200    5.744550 -190.132675   28.658000  -79.566125    6.023125  -74.683975   16.414625  -96.873775 -489.521825 -193.597475  -61.207925  -24.311925 -396.688600 -224.271125   19.957875  -82.143600  365.048325 -265.802750   32.539500   -3.493025  333.095925 -104.785175 -198.082000   40.563500   20.798175  -45.906225 -162.124475    1.228075  -22.714850 -250.744875  -27.585350 -133.047825 -495.634125 -369.909000  -10.414875 -375.424050 -182.767375 -221.777725   15.070125  -32.541075   40.880000 -101.953475   64.205300  -55.577825   67.756325  234.394325    7.297650   14.117800   -1.418425  793.767875  -10.471950   31.539100    6.047125 1012.905150  -35.154025   39.659900  -38.261100  905.493800  -65.234350  112.810600 -654.714050  616.731225 -158.486825  219.283800   36.294350  -61.546225    7.281575  -18.320200   -8.346450   55.148175    9.746975   -5.182200  -55.591625   68.661200   25.270275  -10.979700  -22.102225   10.596825  -21.846375   -0.504075   -8.957000    5.511275  -73.742075   -1.595850 -111.913400   72.138475 -147.789550   19.923875  272.827950  200.572200 -149.035575  132.460675    7.591725   96.106275   -5.143450   -6.479750  -58.366450  133.541450   15.016750   16.575050  -12.051450  256.796675   38.426475   22.241850  -40.972500  518.245525   19.376375  -15.479400 -134.388250  508.533750  -59.291450    1.077850 -144.869650  431.288725  -83.874650   -1.769375   69.329900  364.862150  102.355625    2.894175 
 113.335750 1094.763550   85.650300    8.047200  172.458250  721.249250  169.955450    2.839350 -250.867750  838.297900  186.075800   -6.787450 -585.223550 1376.449900  159.491750    2.902200 -141.733450  980.420050  103.001150   32.108250   90.530750  300.766900   -0.271550   14.591400   29.807900  -54.040850   -6.865300    0.130450  104.169300  418.255100   33.379400    5.404300  270.265900  -93.482850   64.715500   34.304250   57.291450 -200.425600   46.594350  -44.884800 -265.451750 -327.485050  -70.115950  -67.999350 -120.536650 -705.533500 -117.450100  -20.493150  -61.107800 -779.745350  -90.656350  -21.231500 -125.527750 -638.691050  -71.484950  -24.862950   84.469000 -1308.588500  -81.188450  -32.863850  593.292900 -750.782950   15.663650  -24.545300   79.453000 -388.162950  -88.125200  -49.296350 -213.783150 -247.000000 -125.074100  -20.912550  -47.336450  -86.455300  -29.957150   12.186600  -20.697900   40.859150  -29.244000   58.475250  -13.906250  -34.696450  -35.193250   74.445950  372.696850  -53.603450   41.643650    9.935650  215.986800  204.380250   56.478250   38.336800 -462.528850  405.499500   58.359000  -30.932550 -270.622650  297.124150  154.996000  -48.718000  -24.098150  282.329050   85.122550  -20.799350   30.554300  387.432750   12.093300   82.019850  430.954250  411.457000   22.552750  262.858900  279.642750  393.111050   55.582750   26.928350  -84.830000  363.179550   85.628600   11.019850 -209.547850   21.873150   88.744300  -58.861400  -63.417350 -542.216750  -39.400900  -49.255800  -21.058250 -763.860700  -35.114550  -63.651200   46.336800 -632.894400   26.965300 -137.802800  603.893900 -354.129050  154.626850 -207.174400   37.219700  222.084050   17.142650   -9.557400  -20.754900   -0.823150   30.852450  -29.571400  -29.400750 -164.095600  -16.747950  -15.886400   -6.022950 -120.976850  -28.380250   -2.052650   -1.244000  -46.865950   53.881350   -7.067700   75.444200   10.495450  156.962900  -41.289750 -232.257100  -62.118600   99.879350 -149.748150  -20.663050 -185.835950  -15.868900  -20.894500   22.655100  -84.380100  -11.271500  -56.291900   -8.719900  -69.176150    9.256450  -59.260300   32.080000 -201.107450  112.300250  -16.382800   56.583500 -319.747500  232.570100  -13.708300   56.341700 -268.889050  -33.718300   -0.501250 -116.196200 -227.216700 -253.421250   -2.531150 
   1.271875   38.147875   10.069750   -3.418500 -161.346875   39.153125   17.839625  -10.196125 -344.901875   19.191750   88.643500  -40.432125   51.724625  159.491750  228.749375  -35.841000  165.935375  141.346625  107.777375    8.970625    9.916875   -6.353250    3.099625    5.860500  -21.385750  -11.367625    3.027750   -4.137875  -26.345250 -173.061750    8.485500  -18.415250  -28.735750  -70.532625   32.238750   -7.429375  -20.805375   -5.184500   82.081375  -16.516000   -4.581875 -131.669125   75.051625  -13.848875  -14.283625 -160.171250   17.771750   -5.437375  -25.258500 -160.183875   -4.686375   -5.318750  -28.999375  -84.424125    1.861625   -7.175875    6.710000  -17.161250   13.125375  -10.422625   33.284250   -7.303375   58.368625   -4.419750  -52.765000  -24.198375   64.076000  -13.371375  -77.259875  -19.987500   16.756750   -4.147875  -16.419625   -2.804750    8.212625   -3.328000   -4.536750   31.519875    3.185000    4.338125    3.466875   32.560375   -1.945625   20.418375   73.052625   88.812875   28.141125    0.236125   49.736000  100.798125   74.143125    8.171000 -138.750125  135.043750   66.342500   -8.315375  -78.091125   71.657375   41.590000  -12.062500  -10.557375   25.696625   24.782875   -9.538875    2.107250   44.946875    7.099750  -18.167375  132.663125   83.475000    6.361875   23.079250  113.479375  163.689125   52.686875    2.433875   -4.805000  127.987875   71.029500   -0.332375  -68.350125   69.104875   68.569750  -16.353000  -19.046375  -45.231875   -3.079250   -6.523500   -5.583125 -104.517750   -6.890375   -0.576500  -11.356500  -98.513000   24.639750  -26.156000   68.204250  -39.001625   71.512625  -69.553000   49.730250  106.221625   17.643625    0.597000    2.768250   28.082625   32.644625   -4.758000  -13.764375  -30.852000   14.729125   -4.450500   -3.213375   -7.877625   10.679375   -1.046125   -3.460000   31.199125   44.783875    0.782250  -12.276000   52.172125   57.371750    1.933125 -116.880750   43.188000    5.671375  -13.799875  -32.884125  -75.000875    2.713250  -21.926250  -20.581750 -124.633250   19.021250  -35.014250  -10.321750 -135.534875   48.707125  -15.297250  -11.952500 -158.832125   97.720625   -2.046000   -9.958750 -168.953750   89.968250   -3.387250  -16.559750 -105.064125  -26.644750   -0.815625  -37.201500  -72.217750  -88.680625    0.417625 
 -10.064000   17.454400    1.578400   -1.378400  -40.054000    0.489000    0.967600   -6.398200   49.723000    3.881200   -0.172600   38.796400   37.305600    2.902200  -35.841000   81.281600  -69.196600   -0.493600  -23.947800   17.326000  -26.674000   -3.231800   -6.878400    1.394200   -1.538800  -33.013800   -5.373400    3.217600    2.485400   56.167800    0.538200    4.855400  -18.634800   39.685200    0.499000   -1.881000   -5.399400  -29.526800    0.006800    0.650600   10.611000  -46.996400  -10.196600    6.643200   -1.916200   12.557000  -11.997800    2.551800    0.781600    2.030200   -5.312800    0.573000    5.153000  -27.609400   -6.088600    4.647400  -12.508000  -49.343000   -5.991600    3.162200  -16.973800  -19.727600   -9.537800   -3.568400   15.764000  -23.127600   -3.590600    0.422200   41.051800  -21.570000    0.635200    1.048600    5.769400    0.336600   -1.120200   -0.570200    0.263800    1.586200    0.343000   -0.883000   -1.580000  -15.355600   -2.951000   -1.943400  -14.613200  -38.556600   -4.717800   -1.816800  -27.164600  -34.353000   -7.759000   -6.344600    3.597200  -34.699000   -2.338000   -6.001400   26.120800  -10.398800   10.438000   -0.254000    5.441800   32.913400    1.126400    0.823200   -1.484600   20.037000    3.647400   15.985800  -14.531000  -10.069000    0.112000   14.919200   -7.278000  -27.170600   -4.658000    0.823800   -3.125000   -3.672600    6.810800   -2.069200    7.790200  -30.511800   12.645400   -6.384200    7.474200  -28.789000   15.564800   -3.102400    4.254000  -21.934600    2.452600   -4.723600    8.585400  -19.063200   -0.891600    5.146600    7.719200  -33.983400   -7.908200   25.316800   -5.583400   -7.506600   -0.435800    0.447800    6.222800   19.196800   -0.666400    5.710800    4.274000   16.373200    8.842400    3.580800    0.447400   -9.326800    0.528000    0.555800    4.193000  -18.456600   -3.412200   -1.640600    9.887600  -20.817400    6.931200   -5.283000   10.711200  -37.970800    8.566800   -9.233200   15.929600    6.268400   -3.349200    8.584000   -0.807200   17.392200  -12.872000   11.291800   -3.837200   24.947800  -15.619400   11.231600   -6.460000   52.691400   -8.098000    1.616600   -0.732000    8.960000    3.702800   -3.622400    8.692600  -24.093400   19.172600   -0.405000  -16.253600  -28.037600   22.485000   -0.802200 
