2040.747975 1683.610525  -35.630150  196.353750 -130.335575   63.973250 -102.461850   92.974675  -64.818925 -938.863950 -102.919900   24.685425  -83.757650 -1260.402800  -44.530250  -59.425350 -110.024775 -1356.710350  -52.444250  -86.547725 -262.865000 -1132.104750  -50.957400  -67.881400 -437.419350 -637.566975  -44.838050  -65.173325  235.305750  327.815250  -33.394025  102.664675   93.633150  616.982875  -38.492975  124.260700   62.082675  730.408800  -27.284575  132.485950   58.730000  728.091525  -24.323800  115.360175   59.283275  399.946850  -29.727275   93.153300   78.825700  204.803400  -25.910850   46.222800   22.961700   17.883550  -45.472850   18.768100   -0.853800  -46.726825   -5.727675   10.344600   13.703275  115.560050   -9.977625   26.761500    9.270100  287.947300  -12.765300   50.790750    0.265350  362.843200  -21.289350   78.003850   26.681200  304.070025  -25.689775   87.967400   85.874450  254.803650   -5.638850   67.845950  112.873200  117.490150    1.223075   33.675525  -42.095300  -17.689600   -3.240650    7.690200  -15.002000   23.614650   -6.673475    3.663775    1.184950   21.574500   -6.440375    4.367025   -3.461275    7.131850   -6.918125    8.093700    0.588700   30.134625   -6.269050   14.699175   21.692000   74.224000   -1.990375   15.598275    8.859400   -1.643050  -17.912975    4.420025  -51.354250 -125.442100  -10.786100  -37.340650  -12.693200  149.842000    2.395125   -1.943225   33.357350  128.254175   -0.540875   11.227300    7.569625   58.779425   -3.677250    9.316650   -4.754350   -2.898900   -8.890775    3.795175  -11.297850  -50.551600  -28.027675    1.598675  -55.639675 -160.707325  -47.624225  -10.205675 -122.521600 -262.932800  -22.728225 -109.127225  -43.981450   23.065250    1.654650  -66.919900   22.601525   73.315475   -0.910375  -16.591925  -13.692675  137.174275  -11.696150   41.821450  -14.436150   92.363075  -25.224250   23.915525  -36.257475   66.121025  -40.129000    3.027700  -83.445425   97.550475  -30.678200    6.481550  -89.980300  -46.556550    1.409750  -24.793200 -112.641300  -63.913175   -3.802650  -67.868575    2.647925 -134.021950   -1.259750  -27.229475   53.386950 -163.770550  -24.069700   13.636150   17.458150   75.413150  -48.422525   43.275625  -53.592425  218.303750  -30.151250   39.410375  249.797350  533.914625  -21.275500   57.827075 
1683.610525 9200.820975  236.321150  239.931250 -1309.408925 2434.051750   78.300850 -190.984175 -415.266575  792.031950  -22.734100 -192.844925 -261.816350  743.754800  -18.574750 -143.930650   94.003275  641.244350  -17.190750   25.064225  186.405000  108.244750  -54.191600   97.437400 -231.376650 -590.036525  -72.664950  -64.466175   78.374250 1083.529750  -21.567475   60.030825  -62.624150  418.534625  -22.740525  -11.708700  -66.287175  -68.155800  -22.929925  -59.708950  -94.220000 -342.535025  -34.729200  -92.949675 -154.006775 -701.975850  -72.889225 -129.625300  -95.538700 -590.619400  -55.925150  -63.114800 -127.959700 -536.690550 -104.578150  -30.772100  -39.409200 -176.072675   -9.042825    0.926400    3.068225  -47.982050  -13.839875    5.758500   -6.249100  -28.224300  -14.932700   10.034250  -43.129350 -118.056200  -31.876650    4.592150  -64.439200 -229.118525  -48.366725   -1.963400  -17.447450 -233.854650  -27.532150    6.671050  -11.646200 -204.526150  -26.678575    6.985975  -17.217700  -72.406400  -12.548350   29.866800   94.417000  176.894350    2.659975   60.282725   77.827050   80.315500   -1.537125   38.434475   -7.380225  -28.355850  -10.094375    7.473300   -2.796700  -32.887125   -9.843950    8.051325   18.488000   18.061000    2.992875   10.348225  -31.245400   15.305050  -12.470525    3.691475 -273.340750 -1693.128900  -94.859900 -314.043350  202.716200  164.898000    7.597375   87.309725  207.028650  238.556325    6.173375  170.450700   59.687875  149.696075    1.392250   83.882350   15.478350   63.949900   -3.285725   22.015325    4.611850  -14.099400  -29.367825    5.246825  -39.215825 -107.712175  -54.279275  -32.439825 -618.184400 -1918.180200  -64.210275 -595.726275   98.419450 -305.075250    4.249350 -137.789100  126.379975   -0.506975    1.137875   84.686425  124.602175  140.842225  -13.637850  147.880550   84.747150   28.391425  -26.610750   73.205975   12.633975   40.145475  -62.066000   19.669300 -103.590075   97.403025  -65.793800   -0.893550 -301.287700 -724.416450   -0.059750 -160.303800 -189.001700 -502.877325    2.088650 -105.995925   15.297575 -485.520050   -2.675250  -90.274025  189.520050 -338.902450  -42.302300   -7.087150  131.180850   31.965850  -41.648975   83.781875  -57.118075  222.631250  -32.378750   99.872125  172.553650 1157.367875   51.185500  107.642425 
 -35.630150  236.321150   80.471100  -13.387500  -49.142450   87.939500   39.666900  -27.560950  -34.564550  108.782300   16.197600  -27.201450  -17.818900  156.117200    4.368500  -12.859100    4.868350  182.720900   -0.130500   14.136650   52.290000  133.746500    0.682600   23.863600   34.271900   18.826150    0.310700    5.571050   22.894500  137.836500   12.372850    1.754050   -9.498100    8.057250   12.905150  -11.621800  -10.687950  -47.036200    2.978550  -17.805300  -15.950000  -77.912850   -1.023800  -21.107950  -18.062350  -75.456900   -2.096650  -16.399200   -6.591800  -34.551600   -1.017100    3.212800    4.494200  -14.672700    0.165900    2.125600   -1.208800   -7.209950   -0.337050    0.709600   -0.442350   -8.658700   -0.880750    0.049000   -0.257400  -22.390200   -1.847800   -2.875500   -3.695900  -41.036800   -2.238100   -7.694900   -7.068800  -50.151850   -2.076650  -10.107600   -3.894300  -34.900100   -0.895100   -6.365300   -3.731800  -19.226100   -1.927550   -3.528850   -8.042800  -15.694600   -1.681900   -2.344800   -2.767000   -9.924100   -2.012850   -1.704350    0.743700    0.177000   -0.992250    0.820150    0.334350    0.733100   -0.708750    0.826200   -0.613800   -0.002250   -0.510300   -0.148950   -0.468000   -2.826000   -0.992250   -0.442350   -0.075600   -7.904300   -2.479850   -0.311850  -19.085500  -93.219600   -4.783600  -16.721900    3.346800  -21.778000   -1.469250   -1.421350   -1.533900  -19.458950   -0.335250    1.799800   -0.677250  -10.397450   -0.283500    0.292900   -0.058100   -3.966400   -0.312650    0.492050    0.040900    5.203400    1.252950    0.148050    8.935950   33.182050    2.572650   -1.660050   -9.716600 -106.982800   -2.121350  -22.980350   16.127300  -22.423500   -0.654100    7.267600   -3.332850   -9.455150   -0.322250    6.322450   -9.687050    4.353650   -1.089900   -2.277300   -4.909900   17.832450    1.939500   -1.348850    2.338150   27.489150   10.011000   -0.244800   27.256450   45.124850   13.116800    1.810300   -2.917800  -55.310300    0.283500   -4.813200   18.141200  -17.475050   -0.213900   11.119550    1.983550   16.369300   -1.053500    7.171150  -19.929300   27.910700   -2.482200   -4.810100  -19.963100    9.531900    6.381850  -10.716250   -3.670550  -14.077500   12.122500   -6.777750  -15.963900  -24.667250   24.612000    1.036450 
 196.353750  239.931250  -13.387500   91.577500  -32.148750  -16.777500  -18.702500   30.873750  -12.946250 -170.872500  -12.950000    8.731250   -9.412500 -235.330000   -3.372500   -8.117500  -22.513750 -251.207500    0.032500  -19.816250  -44.070000 -230.397500   -3.390000  -20.910000  -94.242500 -177.118750   -6.207500  -19.306250   14.622500  -33.272500   -7.691250   25.313750   15.852500   72.903750   -6.863750   26.945000    9.783750  103.190000   -2.573750   29.172500   20.210000   91.376250   -0.280000   22.268750   14.508750   10.152500   -0.423750    8.110000    8.410000  -34.210000   -0.647500   -3.960000  -17.845000  -71.592500   -6.997500   -8.100000    0.865000   -4.351250   -0.113750    1.495000    2.573750   23.792500    0.818750    4.915000    1.860000   62.150000    3.135000    9.907500    5.312500   80.325000    2.757500   17.957500    9.420000   66.746250    0.436250   19.430000   12.027500   44.482500    0.897500   12.992500   13.000000    4.717500   -0.351250    4.111250   -4.015000    7.545000    1.477500   -0.165000    1.580000   14.372500    3.326250    2.308750    2.752500   14.075000    2.491250    0.706250   -0.373750    7.857500    0.523750    1.290000    0.865000   12.296250   -0.012500    3.623750    5.370000   24.085000    2.601250    4.118750    3.990000   23.802500    4.061250    1.136250  -12.872500  -50.605000   -1.460000  -14.607500   -6.375000   -9.210000    0.306250  -14.916250    6.262500   16.053750    0.966250   -0.165000    2.341250   19.136250    1.037500    2.377500    1.817500   15.055000    1.736250    0.658750    1.692500   12.230000    1.701250    0.143750   -1.213750   -1.361250    2.373750   -0.053750   -0.675000   -5.515000   -0.771250  -10.411250  -23.307500   -0.007500    0.427500  -20.015000   -7.628750   -0.001250    1.586250  -13.131250    1.386250    6.268750    2.032500    5.327500    5.507500    8.188750    1.582500    2.791250   -1.398750   10.076250   -0.810000    0.285000  -13.381250   17.783750   -0.070000    1.067500   25.135000   34.357500   -0.372500   16.015000  -12.155000   16.376250    0.892500    6.861250  -26.588750   -4.797500    1.177500   -6.693750    6.512500  -36.837500    1.065000  -10.007500    3.127500  -22.017500   -1.876250    1.906250   -3.101250  -16.612500    3.072500    5.213750   -7.552500   20.086250   -2.650000    4.223750 
-130.335575 -1309.408925  -49.142450  -32.148750  556.534775 -576.130250   -9.813550   86.160525  201.946725 -367.757850   -3.866700   79.862775   51.180050 -469.312400  -11.640750   14.295950  -70.778825 -502.724050  -18.127750  -44.588675 -122.445000 -350.919250  -10.234200  -46.786200  -93.781050 -123.756425   -5.483150  -16.208475   -7.157750 -182.999250   -5.376575   -8.074475   63.856450  -40.633875   -8.889425   34.733100   56.759525  147.695400   -7.617225   68.433850   43.155000  249.309075   -6.980400   90.302025   66.854325  301.958550   -4.521325   79.823900   48.838100  211.532200   -1.695550   29.367400   45.096100  124.179650    3.273450   11.022300   -6.430400  -34.643975   -1.434525    0.171800    0.369325   -6.585850   -1.280375    1.444500    4.438300   47.715900    0.760100    9.877250   16.769050  136.045600    5.028950   37.454550   35.724600  208.914575    7.481175   46.369200   43.059350  185.432950    6.235450   33.403850   66.125600  178.362450   11.757725   14.871075  -12.294900   -9.526800    5.966050  -13.213400  -18.891000  -23.119050    5.224075  -14.744175  -17.424150   -9.206500    1.606375   -6.509425    3.391675   15.493550    3.323125   -0.492900    4.007100   24.311375    2.593850    1.769025    6.361000   23.482000   -0.848625    1.689325   -2.524800    0.201850   -6.414425    0.059575   59.612250  208.900700   19.338700   15.101050  -47.925600  -12.144000    2.967875  -30.670175  -59.319950  -58.005975   -1.720125  -37.639100  -17.918625  -39.545225   -1.286750  -15.923050   -4.871050  -25.438700   -3.151825   -3.677975   -7.401550  -25.962800   -7.579525   -0.492475  -27.925525  -38.190475  -14.823175    0.336475  108.742200  330.652600   11.379825   51.112825  -22.520350   97.665750    0.115950   21.523300  -48.160925   11.166925   -1.408625  -10.697275  -34.544525  -66.302675   -0.660450  -20.389650  -10.830450  -87.202275   -2.447750   -8.678925   -9.477925  -91.762425   -6.112000   -1.275900  -60.622775  -97.768075   -7.500600   -5.361350  105.280100  202.996350   -1.265750   24.854400   14.572100  186.183975   -2.264950    0.385775   -5.889725  192.108150   -3.334250    6.951075    7.461850  154.114350    0.919900   19.875450   18.711450  121.206450    0.937925   20.429375   -8.223775  161.646250   -7.058750   -5.281375  -27.119950   89.656375  -17.451500  -19.175275 
  63.973250 2434.051750   87.939500  -16.777500 -576.130250 1946.587500   35.325500  -94.877750 -276.734750 1436.358500   -8.973000  -38.445250  -47.985500 1330.514000  -11.522500   84.260500   79.355750 1108.120500   -3.097500  150.654250  134.805000  576.147500   -6.908000  110.727000  -99.474500   -9.513250  -26.638500   -4.732750 -249.852500 -344.537500  -24.401750  -51.872750 -105.549500 -428.928750  -31.318250  -85.841000 -103.822750 -634.489000  -36.735250 -105.283500  -99.400000 -645.528250  -24.536000  -89.932750  -96.015750 -529.105500  -17.709250  -50.359000  -90.181000 -330.247000  -20.474500  -15.944000 -152.416000 -313.861500  -62.004500  -23.043000  -42.091000 -197.072750   -7.717250   -7.468000  -10.150750 -194.111500  -10.948750  -18.755000  -13.028000 -291.639000  -10.771000  -35.862500  -39.840500 -411.096000  -12.909500  -70.970500  -66.891000 -431.603250  -27.264250  -76.562000  -66.198500 -353.429500  -26.329500  -57.078500 -114.936000 -289.854500  -34.854750  -25.638250   70.874000  152.453000   -1.015500   33.154000   45.680000   51.265500    0.276750   26.284250   27.226500   -0.870000    1.763750    7.436750   -6.254250  -45.560500   -4.813750   -4.291000   -6.976000  -54.816250   -4.748500  -11.897750  -19.275000  -70.720000   -0.901250  -12.240750  -54.497000  -34.338500   -7.308250   -2.208250   37.902500  -37.577000  -13.042000   63.069500   51.706000   52.200000   -1.816250   82.229250   66.364500   71.437250    2.668750   55.486000   28.083750   49.039750    4.142500   20.505500    6.905500   31.137000    5.835750    1.682250   -1.114500    2.973000   -1.092250   -0.577750  -36.222250  -19.592750  -18.845750   -2.402250  -79.042000 -139.911000   -6.265750    9.839250  -25.091500   54.772500    0.635500   47.282000   42.001750  102.423250    2.383750   29.510250   47.342750  153.179250   -0.140500   32.301500   27.984500  116.270250  -10.647500   14.256750   16.636750   70.801750  -33.385000    6.094000   46.695250   87.863250   -4.374000   10.173500  -45.171000 -105.103500   -0.032500   -7.364000  -61.356000  -83.792250    4.434500  -12.205250   21.464750  -88.226500    5.472500  -29.948250   39.786500  -40.508500  -17.599000   -2.609500  -12.769500   49.735500  -38.661750   24.643750  -43.329750  176.197500  -19.947500   26.731250  229.384500  546.218750   51.060000   40.105250 
-102.461850   78.300850   39.666900  -18.702500   -9.813550   35.325500   54.925100  -27.490050  -12.729450   97.791700   30.440400  -27.084550  -15.413100  167.433800    7.016500  -12.798900   15.899650  193.296100    3.750500   11.820350   46.630000  164.858500    5.275400   19.129400   59.055100   82.950850    2.550300    9.037950   12.395500  116.923500   10.495150   -2.740050   -7.779900    2.422750   13.676850  -11.382200   -8.168050  -58.909800    5.830450  -18.173700  -11.050000  -85.850150    0.169800  -23.073050  -11.485650  -76.230100    1.199650  -18.556800   -9.657200  -45.396400    1.579100   -1.283800    3.861800  -24.263300    2.241100   -0.792600    0.124800    0.573950   -0.176950   -0.561600   -0.490650  -10.352300   -0.519250   -1.449000   -1.084600  -23.470800   -1.281200   -3.204500   -2.936100  -36.212200   -1.674900   -7.197100   -5.705200  -41.681150   -0.650350  -10.110400   -8.179700  -36.967900   -0.712900   -8.138700  -12.462200  -25.371900    0.148550   -4.394150    0.288800  -18.963400   -0.510100   -2.419200   -1.228000   -9.908900   -0.850150   -3.358650   -3.697700   -8.817000   -0.862750   -1.923150   -0.961350   -5.275100   -0.616250   -0.690200   -0.630200   -5.732750   -0.443700   -0.912050   -1.852000   -8.389000   -0.787750   -1.010650   -1.942400   -8.549700   -1.413150   -0.271150   -9.849500  -62.933400   -1.659400   -9.645100    5.247200  -13.402000   -0.635750    3.138350   -8.653100  -25.117050   -0.369750   -1.985800   -3.772750  -16.758550   -0.246500   -4.410900   -0.904900   -8.875600   -0.644350   -1.718050   -0.628900   -3.656400    0.523050   -0.419050    3.075050   10.286950    2.734350   -0.188950  -15.831400  -57.346200   -0.371650   -5.457650   15.916700  -17.441500   -0.863900   14.225400   -5.735150  -12.971850   -0.732750    8.993550   -9.466950  -17.586650   -1.137100   -5.776700   -4.522100  -17.096450   -0.004500   -5.664150   -2.576150   -4.357150    5.684000   -2.764200    8.744550   10.658150    6.277200    0.803700   -3.151200  -29.948700    0.951500    0.022200   19.644800    9.566050   -0.208100   12.829450   11.270450   38.899700   -1.241500   11.940850  -15.599700   61.090300   -1.763800    0.052100  -16.544900   48.445100    4.766150   -9.478750   -7.318450   24.437500    7.637500  -10.277250  -13.203100   16.287250   19.303000   -5.730450 
  92.974675 -190.984175  -27.560950   30.873750   86.160525  -94.877750  -27.490050   77.153775   38.295975 -172.083350  -18.142700   50.928525    2.411550 -253.939400   -7.698250    5.959450  -27.511075 -308.815550   -5.380250  -20.091425  -57.930000 -270.431750   -5.465200  -29.322200 -102.582550 -165.631675   -7.467650  -21.190225  -11.600250 -119.891750   -8.276325    5.373775   16.669950   -9.387625  -10.179675   24.216100   14.817775   78.877400   -5.166475   38.774350   31.305000  124.498825    1.922600   46.150275   36.541575   96.020050    5.336425   31.805900   12.866100    9.993200    0.727950   -0.725600  -14.825900  -45.105850   -6.163050   -9.048700   -0.787400  -11.010725    0.542225    0.555800    0.686575   11.688650    3.000875    1.689500    1.462300   43.297900    7.878100    5.894750    9.910550   75.568600   10.142450   17.496050   15.667600   96.279325    6.318925   22.135200   18.599850   69.301450    1.923950   14.054350   17.548600   25.760950    0.926975    2.290825   -3.151900   31.169200    5.742550   -3.165400   -4.971000   22.109450    8.998825   -1.706925   -3.403650   17.353500    6.250125   -0.524675    1.719425   12.775050    2.979375    0.510100    2.005100   12.435125    0.779350    1.627275    3.996000   14.957000    0.165125    1.716575    1.366200    1.777350   -1.764675    0.319325    9.289750  107.901700    4.864700   11.647550  -17.563600   24.266000    1.841625   -5.212925  -10.378450    8.522275   -0.111375   -5.137100   -2.534875    2.385525   -0.364250   -1.384550    0.187450    0.085300    0.515925    0.230275   -1.298050    4.748200    0.822225    0.145775   -2.533775   13.022775    0.669075    2.718225   11.383200   87.680600    1.122075   19.170075  -13.565850   39.268250    1.109450    7.137300   -9.446175   13.122175    0.065125    0.591975   -2.577775   11.084575    1.891050    2.345850    3.511050   12.356975    3.824750    2.385825   -0.753175    6.147325    5.223000    2.112100   18.381475   22.877175   16.661400    3.183150    7.448100   10.686850   -0.638250    8.941400   -9.114900   -1.524275   -0.878450   -1.858475   -9.123975    4.467650   -0.081750   -2.584175    5.832350  -15.925150    3.926900    1.488950    9.609950  -21.340050    3.568175   11.533125    4.380475   -5.066250    4.993750    7.989875    8.021550  -10.174875   -2.611500    3.118975 
 -64.818925 -415.266575  -34.564550  -12.946250  201.946725 -276.734750  -12.729450   38.295975  269.931775 -302.688150    5.154700   90.533725   82.882950 -342.261600   -4.599250   30.206050  -50.450675 -380.643950  -11.237250  -37.476825  -85.240000 -314.200750   -8.632800  -30.960800 -106.631950 -196.289075   -5.850850  -16.325025    9.122750  -11.255750    1.652075   -6.624025   30.260550   33.291375   -0.691075   15.567900   38.861975  125.748600    0.688725   39.672150   38.845000  220.660425   -0.943600   62.574475   51.965175  272.344450   -0.738175   65.600100   54.602900  195.579800    2.307550   37.276600   40.904900  114.339350    3.458550   23.125700   -0.898600   -3.474525    0.198025   -0.663800    0.370175   -0.220150    0.452875   -0.284500    3.539700   26.928100    1.535900    3.267750   12.033950   80.420400    5.163050   15.063450   21.836400  141.954925    9.024325   26.447800   27.956650  140.554050    7.166550   22.607150   51.150400  134.494550   10.445775   18.243425  -13.864100  -38.306200    1.116950   -8.000600   -8.444000  -14.708950    2.140425   -9.526325   -1.544850   -1.623500    0.941125   -2.881075    3.088825   12.714450    3.044375   -0.076100    2.823900   12.496125    3.057150    0.932475    5.334000   14.008000    1.741125    1.245175    1.491800   18.089150    2.248925    0.339925   28.912750   49.631300   12.918300   -3.563050  -11.125400  -25.131000    0.759625  -22.295325  -16.152050  -39.007525   -0.562375  -19.011900   -4.238875  -24.688275    0.331750   -8.669950   -2.126950  -13.128300   -0.922675   -2.515525   -4.241450  -13.815200   -3.121975   -0.136025  -17.980975  -25.113025   -2.812325   -4.472975   74.454800  119.818400   11.729675   20.786675    6.714350   33.314250    1.566050    6.769700   -0.869575  -23.351425    0.201125   -5.394225    2.373025  -86.567825   -0.486550   -7.229350   -2.146550  -96.174225   -0.602250   -7.431575   -6.462575  -70.038075   -2.743000   -4.363100  -43.373725  -52.361425   -1.650400   -9.949650   62.260900   41.289650    0.940750   11.859600   22.688900  101.094525    0.602950   -2.379275   23.266225  108.920850    0.219250    3.933425   38.684150  112.771650    6.714100   19.511550   26.700550  100.130550   13.252575    6.563125    9.772275   51.563750   -4.266250    0.918875  -67.867050   15.456125  -14.908500  -19.381225 
-938.863950  792.031950  108.782300 -170.872500 -367.757850 1436.358500   97.791700 -172.083350 -302.688150 2114.323900   34.466800 -126.979850  -39.182700 2297.269600    1.445500   61.093700  199.606550 2140.203700   21.523500  222.948450  333.000000 1470.964500   29.716800  177.509800  239.556700  667.396950   18.405100   93.722650 -324.231500 -457.080500   -7.449950  -95.483350 -163.603300 -748.165750  -12.576050 -160.492400 -146.714350 -1049.681600  -30.334850 -212.092900 -149.285000 -1057.215050  -18.578400 -221.019350 -144.293550 -694.261700    7.111550 -165.310600 -113.952400 -312.073800    6.189700  -48.849600  -66.014400  -43.236100    5.493700   -4.894200  -44.788400 -182.065350   -8.670650  -10.142200  -17.003550 -255.799100  -15.674750  -29.103000  -16.093200 -461.478600  -23.070400  -63.611500  -41.483700 -622.627400  -12.748300 -131.230700  -91.548400 -642.362050   -7.248450 -150.226800 -127.524900 -525.504300  -12.344300 -108.932900 -167.842400 -318.802300  -21.767150  -47.148050   38.664600   26.882200   -7.556700   19.688600   30.424000  -25.951300  -13.940050   13.975450   13.829100  -45.579000   -6.999250    1.138950   -5.175450  -53.226700   -4.038750   -8.223400   -8.398400  -77.649250   -0.922900  -18.992350  -32.829000 -127.778000   -5.489250  -20.343550  -67.005800  -89.619900  -16.326050   -4.867050   61.913500  170.362200   -0.659800   83.028300   28.322400  -27.339000   -5.625250   63.724450   25.457300   -8.037350    1.501750   27.496400   14.170750    0.632150    2.584500    7.489700    5.326700   10.154800    4.333550   -1.199350    0.073700    9.456200    0.324350   -1.761350  -23.621650   30.640650  -23.738550    8.285350   99.161200  182.939600    6.429450  105.567450    7.028900   54.349500   -3.246300   68.196800    2.224950   68.141050   -0.359250    0.397850    9.219350  105.579450    1.669300  -14.653900   11.149300   88.582850   -5.846500   -5.588050   37.327950   72.305950  -18.967000    1.828600  147.834850   85.806050  -16.592600    4.732900   34.764600   58.847100   -1.729500   23.622400   36.476600  113.015350    2.737300   46.838150  -18.864850  155.359900   -1.075500   -3.793050  -70.189900  193.820100  -23.524600  -23.019300  -80.133300  138.276700  -26.332950  -28.151250  -16.686150  134.947500   -5.867500  -16.520750  260.147300  203.260750   65.326000   -6.025150 
-102.919900  -22.734100   16.197600  -12.950000   -3.866700   -8.973000   30.440400  -18.142700    5.154700   34.466800   36.731600  -22.915700   -5.737400   99.375200   13.446000  -13.145600   13.176100  137.934400    6.142000    1.003900   43.475000  130.224000    7.221600    9.937600   54.920400   53.930900    4.356200    6.869300   13.827000   98.759000    9.218100   -1.942700   -4.399600   19.348500   11.584900   -7.728800   -3.479700  -26.699200    7.249300  -12.839800   -5.600000  -54.563100    2.304200  -17.394700   -7.660100  -50.925400    2.731100  -16.212200   -9.743800  -34.060600    3.266400   -4.320200   -1.737800  -25.798200    1.744400   -2.770400    2.209200    9.828300    0.369700   -0.356400   -0.140100   -2.259200    0.280500   -0.936000   -0.708400  -12.593200   -0.334800   -2.093000   -2.039400  -21.708800   -0.934600   -4.723400   -4.340800  -26.792100   -0.158900   -7.031600   -6.578800  -26.501600   -0.311600   -6.164800  -10.418800  -22.267600    0.156700   -3.294100    0.430200  -18.908600   -0.415400   -2.556800   -0.632000   -8.530600   -0.593100   -2.672100   -2.535800   -5.908000   -0.563500   -1.295100   -0.627900   -2.945400   -0.402500   -0.450800   -0.380800   -2.263500   -0.139800   -0.595700   -1.098000   -2.926000    0.336500   -0.660100    0.830400    2.126200    1.934900   -0.177100  -11.273000  -45.343600   -0.652600  -10.650400    5.543800  -15.618000   -0.445500   -2.049100   -5.617400  -17.205700   -0.041500   -2.863200   -2.128500   -9.231700    0.339000   -3.518600   -0.339600   -1.947400    0.245100   -1.184700    0.374400    0.949400    1.879700   -0.273700    0.087700    3.720300    4.264900    0.876700    1.239400  -38.594800   -0.334100   -6.813100   14.716800   -8.976000   -0.420600    3.171600   -4.423100   -4.769900    0.066500    2.731700   -3.760300   -9.119100    0.356600   -4.576800   -0.068400   -5.813300    0.862000   -3.989100   -3.077100    4.508900    3.851000   -2.241800   -3.244300   15.745100    1.958800    2.614800   19.490200   -8.804800    1.241000    4.408800   10.729200   15.626700    0.422600    7.570300    3.954300   30.418800    0.224000    2.695900   -8.163800   34.146200    1.954800   -1.606600  -10.244600   18.130400    6.287100   -7.222500   -6.506300    1.880000    5.125000   -7.796500  -17.227400   -0.498500   12.647000   -3.969300 
  24.685425 -192.844925  -27.201450    8.731250   79.862775  -38.445250  -27.084550   50.928525   90.533725 -126.979850  -22.915700   95.460775   40.266050 -236.130400  -10.945750   62.494950  -35.607825 -341.465050  -10.357750    5.705325  -89.945000 -333.494250   -8.763200  -22.750200 -141.612050 -216.377425   -9.601150  -23.170475  -34.137750 -146.559250   -9.105575   -4.731475    7.270450  -51.658875  -11.350425   11.645100    9.002525   31.543400   -6.614225   36.095850   23.140000  107.178075   -1.223400   59.735025   31.713325  121.594550    1.274675   63.546900   17.505100   53.296200   -0.641550   22.930400   -9.956900   -9.447350   -6.572550    4.628300   -4.673400  -22.780975    0.322475   -0.617200   -0.601675   -5.772850    2.499625   -0.735500    1.129300   12.783900    7.067100    1.217250    9.690050   37.852600    9.472950    9.140550   14.231600   71.328575    7.137175   16.758200   15.081350   69.066950    3.269450   14.405850   17.757600   44.491450    1.514725    5.515075  -11.172900   19.902200    4.452050   -2.176400   -3.586000   13.729950    7.633075   -2.775175    3.142850   15.813500    5.801375    0.584575    3.527675   12.719550    3.788125    0.224100    2.229100    7.826375    1.790850   -0.022975    2.141000    4.722000   -0.338625    0.113325   -2.210800   -3.516150   -2.740425    0.033575    2.537250  125.554700    5.992700   31.492050  -21.267600    9.376000    0.807875    1.203825   -7.728950   -4.317975   -0.505125   -4.471100   -1.853625   -1.637225   -0.446750    0.105950   -1.377050   -0.227700   -0.035825    0.595025   -3.042550   -0.058800   -0.002525    0.435525   -2.753525   15.232525    1.255825    0.188475   16.816200  124.089600    3.288825   43.636825  -21.762350   47.025750    0.949950   26.679300  -10.981925   10.677925   -0.558625    4.924725   -1.432525  -10.053675    0.150550    3.112350    0.345550   -8.395275    2.737250    2.785075   -2.483925    0.206575    5.973000    2.496100    6.474225   15.777925   20.157400   -0.548350   -3.237900   -9.071650   -1.455750    4.242400    3.699100   -3.854025   -0.953950    1.113775   -2.161725    0.781150   -0.894250    6.000075   14.698850   -3.803650    3.827900   10.664450   18.815450  -13.339550    7.738925   12.714375   13.283225  -17.808750    5.671250    8.878625  -26.393950  -40.168625   -0.391500    0.001725 
 -83.757650 -261.816350  -17.818900   -9.412500   51.180050  -47.985500  -15.413100    2.411550   82.882950  -39.182700   -5.737400   40.266050  186.051100 -185.247800    1.423500   83.925900   71.450850 -298.519100    2.344500   37.119150  -28.255000 -325.818500   -2.982400  -14.006400 -139.173100 -262.191350  -10.949300  -24.136450    8.519500  -18.938500    1.680350   -4.498450    3.546900    1.659750    4.492650   -4.561800   12.554550   24.433800    2.961050    7.734700   28.955000   78.314650    4.406200   29.989550   40.650150  158.598100   11.640850   59.790800   47.708200  122.763400    4.917900   48.267800   16.019200   54.492300   -3.729100   23.990600    0.056200   13.832550    1.440450   -0.985400   -1.834850   -0.613700    0.966750   -2.451000    0.457600  -13.150200   -1.317800   -3.165500    2.224100    0.343200    1.586900   -2.284900    5.416200   39.895650    3.760850    9.427400   16.815700   70.109900    3.154900   13.514700   25.568200   79.153900    5.344950   10.413650  -31.767800  -56.364600    0.413100   -6.199800   -6.902000  -18.729100   -3.005350   -6.286850    2.768700   -5.913000   -1.719750   -1.337350    0.716850   -2.271900    0.168750   -0.643800    0.396200   -4.279750    0.704700   -0.881450    0.032000   -4.116000   -0.059750   -0.714850    3.864400    4.230700    2.312650   -0.129350  -12.165500    8.925400    9.706400   -0.206900    2.636800  -23.303000   -1.296750   -7.238850   -0.503900  -35.336450   -0.737750   -6.935200   -2.184750  -20.719950   -0.308500   -1.777100   -1.333100   -7.536400    0.289850   -0.620450   -1.119100   -3.926600    3.480450    0.075550    6.448450    1.374550    2.850150    0.057450   37.208400   94.762200    3.801150   28.162150   11.482300   40.296500    0.355900   25.327600    3.824650    9.662350   -0.839750    2.684950   -0.319550  -17.153850    0.855100   -4.742300    1.300100  -23.100050    4.644500   -2.361350   -3.454350  -15.873350    7.116000   -2.189800  -21.996050   -9.857650   10.066800   -1.244700   10.847200   18.264700    0.783500    8.576800    7.936200   11.192450   -0.268900    9.122050    8.716050   39.779300   -0.118500    6.268650    9.580700   39.020700    6.102800    9.939900   10.056900    4.756900    9.499350    7.831250   13.196950  -19.507500    7.687500   -3.895250  -39.373900  -51.799750  -12.718000  -13.786050 
-1260.402800  743.754800  156.117200 -235.330000 -469.312400 1330.514000  167.433800 -253.939400 -342.261600 2297.269600   99.375200 -236.130400 -185.247800 3008.524400   25.257000  -94.813200  203.014200 3174.716800   38.584000  169.795800  542.585000 2422.833000   54.390200  237.632200  641.203800 1274.689800   45.311400  169.354600 -278.901000 -149.937000   16.938200 -108.099400 -191.501200 -674.488000   17.982800 -197.113600 -171.698400 -1119.177400   -2.670400 -290.960600 -214.035000 -1242.888200   -8.042600 -352.033400 -227.242200 -875.723800    3.599200 -301.068400 -162.303600 -332.123200   13.245800 -100.079400   20.583400   89.059600   31.231800   -7.308800  -25.862600  -97.582400   -5.741600  -10.325800  -16.627200 -238.802400  -13.609000  -30.907000  -18.494800 -500.535400  -26.035600  -73.571000  -52.236800 -731.143600  -20.541200 -163.334800 -118.382600 -813.706200   -9.780800 -203.545200 -169.733600 -679.455200  -12.980200 -152.130600 -209.223600 -401.347200  -23.797600  -67.065200   60.499400  -18.099200  -15.328800   18.015400   35.001000  -61.103200  -21.898200   13.178800   14.147400  -65.231000  -13.322000    0.402800   -6.933800  -64.333800   -6.880000   -8.767600  -10.192600  -89.167000   -1.425600  -22.620400  -36.761000 -147.187000   -5.002000  -24.707200  -51.291200  -81.978600   -5.622200   -6.141200   34.909000  -41.154200  -17.507200   18.631200   48.708600  -72.906000   -6.456000   38.579800   27.077200  -18.955400    1.857000   30.029600   18.123000  -14.592400    3.208000    6.305800    7.403800    1.872200    4.107200   -2.268400    7.426800   14.086800    3.918400   -1.876400   -4.625600   26.481600  -10.762200    8.577400   91.651800   30.019400    0.154800   35.526800   41.574600  -40.397000   -4.788200    7.270200    9.196800   13.392200    0.143000   -7.867600   24.188400   87.359800    4.100200  -27.459600    7.305200  125.272400   -2.671000  -16.200200   47.433800  111.705800  -10.973000   -0.614600  163.650400   75.747200  -50.211400    9.740600   93.294400  125.744400   -1.768000   24.483600   48.982400  210.402400    4.082200   49.336600  -30.485400  232.573600    0.258000  -18.180200 -104.188600  267.456400  -16.074400  -48.790200 -101.926200  160.283800  -14.713800  -71.665000  -31.243600  128.815000  -16.525000  -27.928000  276.832200  260.793000   65.404000   -7.869600 
 -44.530250  -18.574750    4.368500   -3.372500  -11.640750  -11.522500    7.016500   -7.698250   -4.599250    1.445500   13.446000  -10.945750    1.423500   25.257000   14.127500   -8.748500    8.867250   57.711500    7.407500   -3.677250   23.285000   66.047500    4.806000   -1.284000   37.956500   35.410250    3.949500   -1.033250   12.182500   49.672500    4.749750   -0.048250   -1.588500   22.453750    6.380250   -2.998000   -1.583250    7.198000    4.609250   -5.335500   -1.740000  -12.339750    3.892000   -7.933250   -2.947250  -19.291500    2.687250   -9.317000   -5.938000  -19.036000    1.151500   -6.467000   -5.488000  -15.134500   -0.558500   -4.314000    1.972000   11.426750    0.868250   -0.044000   -0.297250    4.095500    1.078750   -0.305000   -0.319000   -2.717000    0.487000   -0.942500   -1.106500   -9.448000   -0.283500   -2.101500   -2.368000  -14.379750   -0.677750   -3.066000   -3.955500  -14.968500   -0.768500   -2.715500   -5.768000  -13.943500   -1.109250   -1.569750   -5.553000  -13.801000   -0.786500   -1.843000   -1.410000   -5.088500   -0.424750   -1.197250   -0.390500   -1.675000   -0.163750   -0.209750   -0.282750   -1.351500   -0.181250   -0.113000   -0.203000   -1.123750   -0.070500   -0.268250   -0.560000   -1.330000    0.286250   -0.297250    3.434000    3.699500    2.500250   -0.079750  -13.477500  -21.061000   -1.231000   -4.231500   -0.562000   -7.005000   -0.263750   -1.932250   -0.826500   -5.198250    0.286250    0.058000   -0.688750   -3.355750    0.127500   -0.798500    0.081500    1.236000    0.312250   -0.108250    1.201500    2.619000    2.138250   -0.033250    3.823250    4.201750    3.807750    0.798250   -3.506000  -19.048000   -0.432250   -2.242250    5.450500   -3.287500   -0.193500    0.026000    0.210250   -2.655250    0.006250    2.115750   -0.676750   -1.437250    0.533500   -1.680500    0.798500    1.850750    1.942500   -1.299750   -0.074750    3.830250    4.005000   -0.568000   -2.589250    0.634750    0.023000    2.325500    5.302000  -11.855500    0.657500    2.923000    1.387000   -0.611750    0.173500    3.824250    1.654250    6.310500    0.102500    0.730250   -2.640500    8.224500    2.093000   -1.028500   -2.253500   -3.478500    4.904750   -3.338750   -1.459250   -8.517500    1.942500   -2.441250  -10.056500   -5.198750    0.345000    0.325750 
 -59.425350 -143.930650  -12.859100   -8.117500   14.295950   84.260500  -12.798900    5.959450   30.206050   61.093700  -13.145600   62.494950   83.925900  -94.813200   -8.748500  124.927100   18.516150 -253.717900   -5.194500   74.618850  -60.685000 -306.751500   -5.200600   -3.316600 -154.393900 -253.020650   -9.931700  -22.337550  -45.639500 -151.126500   -7.508350   -8.350550  -10.018900 -100.709750   -8.559650   -6.349200   -7.593550  -75.412800   -6.355050    8.489300    5.330000  -19.741650   -2.197200   41.611450   20.507850   43.528900    4.736150   68.315200   18.180800   11.024600    1.735100   36.518200  -21.275200  -49.396300   -6.417900    4.506400   -6.107200  -24.706550   -0.166450   -0.977600   -1.602150  -16.555300    0.838250   -2.224000   -0.625600  -21.418800    3.321800   -3.739500    2.387900  -19.139200    4.991100   -4.543100    3.442800    5.982350    4.236150    2.530600    6.148300   19.793100    2.278100    5.819300    1.175800    7.859100    0.364050    0.944350  -15.153200    3.827600    2.018900    0.483800   -2.013000    4.052100    3.423350   -0.935150    3.590300    7.948000    3.254750    1.150350    1.725150    3.498900    1.876250   -0.202200    0.402800   -3.870250    0.609300   -1.107550   -1.427000   -9.149000   -1.305250   -1.102150   -5.476400  -14.041700   -4.314650   -0.327650  -14.644500  114.597600    6.671600   52.343900  -15.115800   -8.622000   -0.653250   16.006850   -2.344100  -16.387550   -0.627250   -1.143800   -1.720250   -4.089050   -0.561500    0.745100   -1.918900    5.698400    0.797150    0.481450   -3.242900   10.279600    3.773550    0.265450    5.600550   41.401450    7.017850    1.261550   -5.075400  105.796800    4.241850   62.170850  -15.186300   35.948500    0.287100   46.774400  -10.456650   19.779650   -0.880250    6.889050   -6.441450   11.081850   -0.863100   -0.058700   -3.088100    3.579050    3.735500    0.964350   -3.487650   16.361350   10.474000    0.613800   21.940050   52.674650   31.879200   -0.374300  -22.868200  -32.100700   -0.943500    4.294200   18.157800  -31.263450   -1.044100   13.423950   -0.225050   -6.803300   -1.211500   11.424350   -2.151700  -10.426700    2.043200    7.113100    5.061100  -25.423900    9.122650    5.063750   22.037050  -45.722500   15.282500   -1.544750  -23.399100 -100.195250    9.518000   -4.029950 
