6134.438975 1051.199750   47.693275  132.148150   73.484225 -1279.768500  -84.309425 -262.172900 -2884.799925 -1193.641150 -115.916775 -429.024550 -1933.499475 -418.491650  -77.871375 -259.997700 -147.427900  -25.727775   -2.360325  -18.592600    0.000000    0.000000    0.000000    0.000000    0.000000    0.000000    0.000000    0.000000 4288.412225  149.874425   25.697625  103.515075  263.415775 -162.698125  -74.209625   -4.478225 -2300.773300 -145.977150  -79.965450  -80.867750 -1804.722500  -30.260075  -42.932950  -82.759125 -191.372150   -3.477425   -3.933875   -2.857100    0.000000    0.000000    0.000000    0.000000    5.357400    3.125150    0.892900    0.000000 3899.401725  116.076475  -17.787675  106.495625  390.827450  -15.877000  -71.171900   44.410200 -2139.327300 -114.791450  -81.791900  -38.799000 -1797.522225  -44.328800  -68.990075  -35.355850 -187.772150   -3.477425   -3.643875    0.000000    1.562575    2.949025    1.785800    0.000000   23.496700   39.689900   18.755100    0.000000 3354.039475  204.103650  -31.490050  184.239825  537.108850   94.400475  -31.420700   89.237225 -1987.268000 -108.920625  -74.152850  -59.100425 -1697.245800  -51.894650  -53.621025  -69.449775 -146.745175   -7.413725   -1.305500   -4.974200   37.519425   30.596525   26.667650    0.000000  230.805500  348.345225  165.530100   -5.581325 2614.346325  456.445150   -9.041975  263.803000  699.439450  241.379375   -3.663800  220.984925 -1691.740600  -59.353700  -43.744575  -63.254325 -1691.286575  -75.617475  -35.343925 -134.188525 -194.461550   65.080200   46.573225  -20.870525  147.464450  314.433175  196.107925    0.000000  677.435575  920.377800  514.662150   -3.948325 1721.665600  438.755075   -3.749225  276.612850  879.096200  504.105075    2.621600  376.775375 -1153.089200  387.989075    3.683675    9.515900 -1635.362125  417.263100   52.788600 -292.683375 -143.179175  539.108000  227.781275  -97.518850  280.418050  709.451750  357.477000  -12.417150  830.220625 1135.170075  477.814025   -2.851525  975.797900  547.555675    0.386450  238.601125  940.769350 1569.568050    2.440800  587.918400 -331.054000 2672.009750   52.804675    4.491925 -1420.822025 1995.724000  138.993600 -891.549325 -336.585550 1037.029275  238.035375 -393.124400  503.372825  906.782625  267.649925  -76.069575  581.031700  267.866325  111.409175  -67.318750 
1051.199750 6474.107500  -35.882250  643.816500  266.857250 1320.170000  -92.449250  441.996000 -1188.969250 -111.086500  -96.087750  -91.380500 -1304.979750 -191.811500  -60.808750 -176.952000 -100.699000   -8.047750   -1.898250  -13.701000    0.000000    0.000000    0.000000    0.000000    0.000000    0.000000    0.000000    0.000000  106.137250  118.794250  -94.913750   79.065750  933.282750  226.643750  -92.266250  151.367750  -23.448000  131.948500  -54.194500   54.407500 -1006.670000   33.799250  -32.814500  -45.171250  -88.371500    5.965750   -3.163750   -1.046000    0.000000    0.000000    0.000000    0.000000    7.134000    4.161500    1.189000    0.000000 -408.412750 -339.610250  -90.781750    2.216250 1211.484500   80.705000  -54.999000   78.727000  384.642000   39.140500  -40.879000   33.350000 -889.807250   32.057000  -36.335750  -18.063500  -88.771500    5.965750   -1.678750    0.000000    2.080750    0.895250    2.378000    0.000000   23.427000   15.079000   19.671000    0.000000 -538.310250 -465.653500  -85.990500  -52.606750 1123.628500   85.684750  -13.497000   44.782250  532.810000   60.593750  -31.578500   52.085750 -748.133000   35.598500  -34.480250  -23.367750  -82.986750   15.967750    1.850000   -0.657000    9.074250   11.930250   17.581500    0.000000   57.275000   79.802250   41.201000   18.216750 -566.501750 -555.823500  -47.789750 -117.980000  892.749500  119.263750   -9.528000   46.814250  509.699000  136.353000  -26.790750  113.696750 -574.235750   47.685250  -29.829250  -14.475250  -66.430500    5.577000   13.647250   -5.180250   36.004500  -33.898250   13.859250    0.000000  316.945750  -60.777000   48.181500   25.631750 -542.199000 -492.304250   -2.902250 -145.451500  448.562000   86.935750    1.181000  -48.026250  491.153000  192.975750   -6.113250  167.759000 -472.666250  149.851000  -20.194000   49.511250  -91.886750   72.260000   -6.857250   10.206500   89.010500   77.677500   32.905000    8.483500  379.431250  308.440750  193.320250    4.619750 -348.131000 -358.733250    0.844500 -109.478750  104.648500 -486.924500    0.948000 -207.826000  606.700000 -205.772500  -13.488250   39.474250 -529.455250  444.485000 -108.324000  -30.363250 -479.500500 1303.787750  -30.491250  -29.329000  132.018250 1741.946250  310.089250   62.174250  596.132000 1806.933250  543.166750   74.022500 
  47.693275  -35.882250   27.741975   -9.676650   19.370525   -0.786500    5.242675   -5.706100  -36.416825  -10.395350    0.196525   -6.485950  -30.562775   -4.874850   -0.864875   -4.279300   -2.201100    0.047525   -0.040425   -0.323400    0.000000    0.000000    0.000000    0.000000    0.000000    0.000000    0.000000    0.000000   77.487525   17.077325    7.031125   -0.916825   -5.020525   -3.845625    1.830875   -3.176525  -39.814700   -4.089350   -0.404050   -2.579750  -31.842500   -1.138175   -0.656550   -1.549625   -3.584350   -0.094325   -0.067375   -0.053900    0.000000    0.000000    0.000000    0.000000   -0.323400   -0.188650   -0.053900    0.000000   87.863025   11.090775    2.238425    2.738125   -8.692950   -2.823000    0.227900   -2.008200  -45.110700   -4.118050   -1.232100   -2.011000  -33.757525   -1.419200   -1.223175   -0.727650   -3.584350   -0.094325   -0.067375    0.000000   -0.094325    0.158725   -0.107800    0.000000   -0.119700    0.619100   -0.974100    0.000000   79.077775   18.027850    0.244550    7.575925   -3.095350    5.016775    0.083700    2.272525  -52.257000   -4.013125   -1.290650   -1.926325  -34.522200   -2.121850   -0.951725   -1.520475   -2.924075   -0.256025   -0.269500   -0.107800    0.877325    0.306225   -0.661150    0.000000   11.459500    2.454525    0.680900   -0.199425   54.829425   29.731350   -0.215275   11.747000    2.770050   16.726875   -0.104200    9.891825  -43.175400    3.011700   -0.903675   -0.561425  -35.576675   -1.809775   -0.852825   -3.369225   -5.053950    0.401800   -0.703475   -0.427225    3.780050    6.796075    0.038825    0.000000   12.442675   13.160200   -0.105650    0.347575   21.695400   14.428175   -0.455525    9.390650    3.345800   14.923175   -0.170600   16.580875  -24.537800   19.124175   -0.154425    9.038100  -35.981625   21.182900    0.807400   -3.322875   -9.905075   18.287000    2.268975   -1.884650    1.317450   10.710750    3.918000   -0.234350   12.308125   17.643175    4.058725    1.508775  -10.578900   -1.031425   -0.026950    4.362625    9.694150   10.182450   -0.082800   16.655600  -14.811000   24.942750   -0.730425   12.134825  -42.210725   24.916000   -1.012600  -11.271425  -17.864950   16.910975    1.240875   -6.724600    5.887925   23.866125    3.196825   -1.328675   11.755300   12.539425   12.760075   -1.773750 
 132.148150  643.816500   -9.676650  153.789100  -71.083350   72.916000  -12.239450   68.814400 -155.716450  -40.106100  -11.477350   -9.633700 -136.585150  -25.958100   -6.546750  -17.662800  -10.840600   -1.751350   -0.187050   -1.381400    0.000000    0.000000    0.000000    0.000000    0.000000    0.000000    0.000000    0.000000   23.203650   -7.240550   -8.060750   15.463550  101.533350   24.718750   -8.667250   20.902350   -7.366200    8.004900   -5.501300    6.926500 -111.210000   -1.088550   -3.206300   -4.865250  -10.875100    0.368550   -0.311750   -0.134400    0.000000    0.000000    0.000000    0.000000    2.103600    1.227100    0.350600    0.000000  -29.248350  -38.191850   -7.094950   -0.953750  145.044300    6.867000   -4.781600    7.747800   29.907800    1.409700   -3.541600    4.474000 -100.553650    0.201800   -3.538550   -2.081900  -11.675100    0.368550   -0.196750    0.000000    0.613550    0.188850    0.701200    0.000000    5.663800    3.788600    5.461400    0.000000  -25.599850  -70.443900   -6.425700   -8.529950  134.308900   -1.520850   -0.239800    1.198650   47.143000   -3.526250   -3.274900    3.271550  -92.496200   -0.910100   -3.336850   -2.759350  -11.134950    0.550350    0.968000   -0.253800    0.214450    0.163850    3.772100    0.000000   -7.053000    4.970650    3.871400    3.263950  -30.453950  -75.217900   -2.665150   -9.028000  113.092300    0.533750    0.816800    7.521450   27.186600  -10.686800   -2.341550   14.156950  -74.649550   -8.437150   -2.252450   -3.561850  -16.866700   -2.922200    7.907650   -1.854850   -5.927700    1.571950   16.408450    0.000000   42.040550   57.104200   49.165100    4.580950  -26.941600  -47.601450    1.138350   -6.135100   65.676800   -2.006450    0.972400    3.997750   42.861200   -4.385450    0.703950   22.747600  -64.047250    1.058400    5.020400   -3.074750  -24.805950   19.997000   18.655350   -6.113900    5.977700   50.139500   50.118000   -1.515100   64.326250  115.563550   96.838850   -0.423850    3.100600  -39.003050    0.125300   -2.821750   24.335900  -20.922300    0.111200    1.527600   65.119000   30.321500    3.367950   16.119450  -62.475850   76.541000    9.455400  -11.168050  -46.267700   92.592350   30.162750  -20.931600   19.252050   51.459250   69.576450  -11.336550   33.768800  -82.718950   69.490950   -6.067500 
  73.484225  266.857250   19.370525  -71.083350 1299.526975  427.866500   45.739825   36.476100 -266.320675  -56.769650   -8.004025  -85.774050 -734.404725 -113.365150  -28.242625  -97.115700  -60.828900   -3.435025   -1.092075   -8.466600    0.000000    0.000000    0.000000    0.000000    0.000000    0.000000    0.000000    0.000000  139.834975  116.170175   41.686375  -18.365675  774.658025  100.583125   53.381625    4.439025 -182.860300   23.189350   -0.605950  -14.650250 -679.132500   -7.054325  -16.148450  -31.302875  -79.040650   -0.658175   -1.820125   -1.186100    0.000000    0.000000    0.000000    0.000000   -1.176600   -0.686350   -0.196100    0.000000  301.569475  210.036725   53.179075   -8.970625  597.012950  101.873000   47.777100    7.238200 -252.054300   31.543050   -4.932900   -2.129000 -678.394975   -8.125800  -25.174325  -10.662350  -77.600650   -0.658175   -1.550125    0.000000   -0.343175   -0.141225   -0.392200    0.000000   -4.510300   -3.279100   -2.905900    0.000000  364.889725  284.412150   45.445450   10.516575  496.200350  100.375725   21.926300   27.354975 -300.528000   35.930625  -12.699350    6.583825 -644.832800    0.776850  -20.480775  -18.042025  -61.058425   -0.841475   -2.600500   -1.452200    0.100175   -2.208725   -0.943850    0.000000   26.225500   16.897975   -7.765900   -0.933075  368.283075  202.408650   12.947775   11.508000  390.004950  119.330625    1.784200   51.320675 -227.624600  102.733300  -14.858825   35.088925 -599.820825   23.417275  -18.719675  -19.348275  -81.821050   -7.691800  -10.054025   -1.685275   16.159950   -2.713575   -0.026325    0.000000   80.799825  151.644800   55.240650    3.279925  240.649600  166.854325    0.313025   20.844350  236.314200  141.264325   -0.814400   82.041625 -137.637200  129.178325   -3.888075   71.451900 -522.120875   71.647100  -10.202400  -31.319625  -78.922425  113.438000    7.583525   -2.900350   70.527550  170.924250   73.822000    8.029350  195.789375  344.214325  158.978775    6.598725  109.233900  219.973925    0.111950   33.649875  111.875850  207.632550    0.202800   91.409400   18.531000  488.387250   -8.992075   80.202675 -450.131775  600.389000  -33.107400 -203.646075 -193.340050  591.821525   79.976625  -84.880400  179.284575  697.441375  151.760675   35.311175  308.104700  736.418075  116.427425   20.743750 
-1279.768500 1320.170000   -0.786500   72.916000  427.866500 1492.520000   40.555500  262.674000  454.510500  603.614000    9.356500   81.783000 -259.261500   45.024000  -13.262500  -46.468000  -27.586000    8.951500   -0.715500   -4.934000    0.000000    0.000000    0.000000    0.000000    0.000000    0.000000    0.000000    0.000000 -998.243500  165.589500    6.492500  -27.899500  347.778500  187.522500   34.447500   30.843500  655.643000  123.889000   14.912000   26.805000 -147.545000   28.089500   -8.333000  -13.582500  -22.531000    3.860500   -1.192500   -0.164000    0.000000    0.000000    0.000000    0.000000   -2.724000   -1.589000   -0.454000    0.000000 -868.353500   71.951500   16.655500  -31.002500  356.578000   51.840000   34.324000   -4.907000  615.068000   73.147000   14.734000    6.520000 -139.101500   26.293000   -7.325500   -5.999000  -25.331000    3.860500   -0.402500    0.000000   -0.794500   -1.361500   -0.908000    0.000000  -10.362000  -17.754000   -8.926000    0.000000 -685.453500   73.246000   21.043000  -53.159500  286.244000   18.411500   17.537000  -17.373500  542.455000   66.957500    8.126000   17.115500 -137.397000   34.589000   -8.353500   -5.113500  -29.079500    8.903500   -2.230000    0.152000  -13.970500   -8.826500   -9.999000    0.000000  -59.150000 -100.318500  -47.171000    5.639500 -466.069500   28.846000   12.908500  -74.365000  150.353000    6.207500    4.053000  -47.100500  474.621000  100.637000   -6.240500   34.464500  -94.020500   75.858500  -12.519500    7.241500  -24.302000   -6.662000  -19.983500    1.386500  -35.377000  -94.180500  -67.115500    0.000000 -131.049500 -248.103000 -146.759000   10.599500 -268.761000   29.430500    1.593500  -73.511000    1.143000  -27.754500   -0.646000  -85.137500  337.042000   27.060500   -5.140500   29.281000  -87.277500    1.714000  -23.001000   49.182500  -82.074500  -64.465000  -58.426500   34.521000  -41.683000  -87.145000  -68.250000   12.839000 -105.012500  -72.949500  -50.371500    7.331500 -171.154000  -37.760500   -0.207000  -54.137500  -79.521000 -226.608000   -1.038000 -127.449000  148.945000 -277.560000  -16.845500   56.659500 -253.263500   48.750000  -76.391000   69.899500 -280.487000  571.608500  -22.007500   88.664000  -94.764500  995.822500  110.199500   90.344500  146.758000 1434.940500  243.339500   88.105000 
 -84.309425  -92.449250    5.242675  -12.239450   45.739825   40.555500   15.175775   -1.171300   30.287275   40.363450   10.137825    1.438650   -7.984075   18.549950    2.346625   -1.681900    1.673700    3.905825   -0.021525   -0.172200    0.000000    0.000000    0.000000    0.000000    0.000000    0.000000    0.000000    0.000000  -15.279175   20.609225    6.534625   -3.127725   13.795175    9.491875    7.151375   -2.107825    7.874900    2.076450    2.341350   -1.406750  -15.402500   -0.247275   -0.131150   -0.810125   -1.908550   -0.050225   -0.035875   -0.028700    0.000000    0.000000    0.000000    0.000000   -0.172200   -0.100450   -0.028700    0.000000   11.757325   21.208075    5.425525   -0.564375    1.757650    3.801000    3.880700   -1.450600   -3.348100    0.814350    0.435700   -1.028000  -18.195825   -0.593600   -0.597275   -0.387450   -1.908550   -0.050225   -0.035875    0.000000   -0.050225   -0.064575   -0.057400    0.000000   -0.500100   -0.889700   -0.545300    0.000000   15.039075   39.299050    4.545150    3.108025    3.228450    4.121075    0.767100    0.680825  -10.291000   -0.055625   -0.111450   -0.426225  -19.712600   -0.816050   -0.484425   -0.628175   -1.556975   -0.136325   -0.143500   -0.057400   -0.650775   -0.662075   -0.517950    0.000000   -0.966500   -3.758175   -2.585300   -0.108525   12.073525   36.284550    2.073425    3.821000   -1.788350   12.164375    0.461400    3.097725  -10.318200   12.041100   -0.398775    2.835475  -17.062775    4.414925   -0.450725    0.548075   -3.240350   -0.120600   -0.902175    0.234075   -1.813350   -1.162025   -1.676275    0.000000   -7.109225    1.741600   -2.291450    0.007475    3.408200   11.942275   -0.034825    1.351450   -3.048600   12.767275   -0.099800    4.921375   -9.162400   10.135275   -0.118525    4.242300  -10.321125    6.015700   -0.285800    1.982625   -3.619975    3.751000   -1.716325    1.746550    0.405850    0.274750   -0.686000    0.971450   -9.529375   -4.737725   -4.849575    0.577075   -7.373700   -3.069525   -0.014350   -1.060875   -4.773050   -3.609150   -0.042400    1.704800  -11.078000   -2.874250   -0.386525    4.726725   -9.166425   -0.537000   -0.765800   -2.364525   -2.798350    9.444675    0.486375    2.953200   -0.150975   23.969625    0.007725    6.896225   -4.330100   51.363525   -2.800025    3.326250 
-262.172900  441.996000   -5.706100   68.814400   36.476100  262.674000   -1.171300  101.449600   48.500700   71.192600   -4.334900   27.449200  -71.725100   -9.710400   -4.214500   -9.625200   -7.000400   -0.790900   -0.134700   -0.927600    0.000000    0.000000    0.000000    0.000000    0.000000    0.000000    0.000000    0.000000 -252.630900  -20.478700   -5.920500   -4.059300  115.768900   36.017500    4.258500   12.509900  160.639200   24.231600    3.695800    9.946000  -43.670000    5.164300   -1.284200   -1.953500   -4.243400    0.735700   -0.224500   -0.029600    0.000000    0.000000    0.000000    0.000000    0.362400    0.211400    0.060400    0.000000 -245.423900  -17.182900    0.261700   -7.527500  128.876200   14.098000    8.660600    0.170200  157.695200   13.334800    4.375600    3.041000  -39.539100    3.341200   -1.480700   -1.139600   -4.883400    0.735700   -0.074500    0.000000    0.105700   -0.104100    0.120800    0.000000    0.429200   -1.127600    0.667600    0.000000 -204.219900  -16.947600    5.181200  -14.163300  115.467600    6.041100    6.736800   -3.870900  136.042000    8.262500    1.838400    3.802700  -37.340800    1.366600   -2.027900   -1.312900   -6.213300    1.636900    0.092000    0.010800   -2.378700   -1.924100   -0.123600    0.000000   -6.487000  -18.047900   -6.167400    3.444300 -140.179300  -41.193600    2.714900  -20.162000   84.523200   -4.487500    2.906200   -9.855700  109.609400   -0.426200   -0.667700   10.771300  -24.789700    1.091900   -2.088300    0.612100   -7.737800   -2.934800   -0.974900   -0.589900   -9.216800  -18.233700   -5.727700    0.000000    8.118700  -27.332200   -6.146600    3.227300  -86.014400  -26.569300    0.918900  -16.388400   29.826200  -16.769300    0.336600  -13.606500  100.620800  -15.030300   -0.860700   15.028400  -19.551500  -30.594400   -2.126400    6.783500  -25.767300  -25.732000   -2.598100    0.372400   -6.093200   -5.222000    9.182000    0.306600   16.007500   18.180700   36.240900    0.324100  -38.714600  -25.853700   -0.019800   -9.764500  -12.119400  -69.408200   -0.149200  -20.761600   67.196000  -60.019000   -2.099700   30.511300  -37.388900   36.964000   -9.361400   23.831300  -64.811800  123.329900   15.773500   -1.944400  -14.195300  134.909500   55.294300   -0.467700   34.664200  125.005700   77.167300    9.965000 
-2884.799925 -1188.969250  -36.416825 -155.716450 -266.320675  454.510500   30.287275   48.500700 1820.088775  594.430450   46.407325  224.312650 1033.076425  178.846950   31.579125  130.994100   29.875700    3.655325    0.651975    2.170800    0.000000    0.000000    0.000000    0.000000    0.000000    0.000000    0.000000    0.000000 -2012.634675 -118.892275  -16.222875  -52.026225 -389.114325    6.079375   30.993875  -18.972325 1317.793900   63.688450   37.372350   36.458250  982.332500   16.206225   18.039850   44.287375   52.228450    0.016275    0.956625    0.624300    0.000000    0.000000    0.000000    0.000000   -4.144200   -2.417450   -0.690700    0.000000 -1824.568175  -53.287425    6.307025  -50.051875 -454.533350  -26.119000   26.192700  -30.536600 1184.255900   48.940350   35.797700   22.017000  984.939675   20.355400   27.731225   23.800550   60.158450    0.016275    0.741625    0.000000   -1.208725   -1.554075   -1.381400    0.000000  -15.886100  -21.411700  -13.123300    0.000000 -1565.891425 -110.012950   15.469150  -86.675475 -506.084550  -78.799425    9.848100  -57.429675 1063.384000   52.096875   35.041550   30.985275  956.581400   28.140950   25.730075   44.981325   55.509525    0.719175   -1.928500    2.413600  -17.752275  -11.931575  -15.534950    0.000000 -118.306500 -159.348675  -74.508300   -0.965025 -1197.589975 -177.317450   10.378925 -114.159000 -541.644350 -170.073125    2.885400 -134.623775  880.139800   -7.177900   25.774725    2.408975  943.875725   36.445425   13.725775   74.992575   89.908650  -25.431600  -26.227675   13.088575  -63.104350 -146.148525  -99.837775    0.000000 -411.437725 -504.662400 -283.418450    1.030975 -745.654800 -154.981225    1.740675 -116.681550 -508.099600 -281.831225   -1.537800 -195.636125  552.493600 -249.088225   -0.975025  -51.864700  845.866375 -226.057300  -24.683800  144.880125   79.476525 -290.849000 -119.115825   56.574550 -148.763150 -430.495250 -216.691000    6.818450 -524.881875 -739.131225 -350.889075    3.796575 -435.835700 -234.671025   -0.345350 -106.583375 -444.331050 -685.888150   -1.381400 -264.397200   91.872000 -1270.624250  -27.228025   -3.894775  693.388075 -988.317000  -62.528800  455.208975  216.800650 -581.204825 -140.986125  219.570200 -290.489475 -556.672875 -207.393775   38.874725 -351.956100 -131.359975 -119.581525   33.256250 
-1193.641150 -111.086500  -10.395350  -40.106100  -56.769650  603.614000   40.363450   71.192600  594.430450  616.663100   47.054350  102.137700  314.488150  221.290100   14.756750   33.993800   20.392600   26.358350   -0.016950   -0.125600    0.000000    0.000000    0.000000    0.000000    0.000000    0.000000    0.000000    0.000000 -807.371650   25.541550    1.140750  -25.154550 -105.620350   64.056250   20.487250   -2.404350  511.705200   68.512100   21.757300   17.523500  311.635000   25.009550    4.232300   11.865250   27.197100    3.600450   -0.118250    0.687400    0.000000    0.000000    0.000000    0.000000   -1.815600   -1.059100   -0.302600    0.000000 -689.404650   -1.126150    4.713950  -23.496250 -107.195300   -1.077000   19.233600  -16.218800  439.511200   37.811300   25.008600    3.471000  290.666650   23.137200   12.384550    6.309900   25.307100    3.600450    0.401750    0.000000   -0.529550   -0.680850   -0.605200    0.000000   -6.959800   -9.380600   -5.749400    0.000000 -564.248150   21.926900    6.179700  -35.441050 -116.406900  -27.077150    6.535800  -23.366650  400.682000   33.151250   17.382900    6.912450  256.705200   26.487100    9.708850   10.031350   13.023950    7.432650   -0.723000    1.334800   -7.658450   -6.815850   -7.294100    0.000000  -59.507000  -79.798650  -40.049400    0.712050 -433.152050   26.125900    7.923150  -43.312000 -159.323300  -44.588750    0.792200  -50.260450  342.661400   48.877800    1.617550    4.984050  265.045550   55.180150   -0.628550   22.963850   33.070700   -4.273800  -13.010650    4.631850  -33.993300  -77.890950  -53.172450    0.000000 -190.446550 -279.423200 -159.372100   -0.324950 -276.021400   10.920450    2.479650  -47.572900 -167.132800  -57.794550   -0.860400  -79.212750  180.154800  -15.625550   -2.867950  -12.974600  257.102250  -20.371400  -16.728400   55.824750   10.344950 -104.467000  -62.192350   30.451900  -76.031700 -181.414500 -113.023000    8.127100 -227.736250 -305.514550 -158.005850    0.255850 -178.542600  -87.450950   -0.151300  -49.158250 -166.103900 -240.491700   -0.605200 -115.659600  -13.879000 -466.236500  -12.611950   -7.938450  137.112850 -330.301000  -46.763400  136.679050  -14.388300   47.240650  -85.277750  118.943600 -158.113050  298.530750  -67.330450   68.077550  -56.889800  704.462950   28.370050   62.537500 
-115.916775  -96.087750    0.196525  -11.477350   -8.004025    9.356500   10.137825   -4.334900   46.407325   47.054350   17.084975    7.598950   42.301275   38.818850    9.017375    5.066300    6.995100    6.993975   -0.015075   -0.120600    0.000000    0.000000    0.000000    0.000000    0.000000    0.000000    0.000000    0.000000  -56.636025   12.537175    2.521375   -2.472675  -12.950975    0.803125    2.781625   -1.829975   33.612700   -0.116650    2.486050   -0.375250   30.622500    0.012675    1.713550    0.397125    1.993350   -0.035175    0.064875   -0.020100    0.000000    0.000000    0.000000    0.000000   -0.120600   -0.070350   -0.020100    0.000000  -39.711525   -0.109275    0.887075   -1.535625  -19.699050   -1.402000    1.291100   -1.438800   31.418700    0.460050    0.976100   -0.654000   28.721025   -0.162800    0.787675   -0.251350    1.093350   -0.035175    0.064875    0.000000   -0.035175   -0.045225   -0.040200    0.000000   -0.462300   -0.623100   -0.381900    0.000000  -34.716275   11.813150    0.823450   -1.220425  -16.815650   -3.920275   -0.041700   -1.321025   27.892000   -0.484375    0.971650    0.101825   24.660200   -0.344150    0.218225    0.796975    0.439575   -0.095475   -0.100500    0.049800   -0.527825   -0.547725   -0.512850    0.000000   -4.929500   -6.303025   -3.176900   -0.136075  -29.893925   13.119650    0.473775   -1.072000  -19.132050   -1.504375    0.047200   -2.302325   19.841400    7.415300    1.103175    1.060925   25.061175    2.533275    0.608325    2.665725    0.586950   -1.088800   -0.980025    0.323725   -2.887050   -5.051575   -3.419325    0.000000  -16.247175  -17.753200  -10.498350   -0.388075  -23.956400   -3.732675    0.049025   -3.426650  -16.367800    2.057325   -0.080400   -3.063375    6.659800    1.396325    0.173925    0.392900   28.179125   -2.388900   -0.473400    6.565375    0.715575  -11.142000   -4.480475    2.165650   -6.625450  -17.010750   -8.298000    0.403350  -22.640625  -30.327675  -14.255225   -0.217275  -17.305100  -11.619075   -0.010050   -3.540125  -19.495150  -25.320450   -0.040200   -8.219600   -6.884000  -45.122750   -0.615075   -0.195325   27.882225  -43.861000   -2.718400   16.840925   11.317950  -26.722475   -7.543375   12.773600  -12.817425  -11.188625  -10.002325    5.988175  -24.177300   21.021075   -8.740575    2.828750 
-429.024550  -91.380500   -6.485950   -9.633700  -85.774050   81.783000    1.438650   27.449200  224.312650  102.137700    7.598950   71.465900  151.978550   19.941700    5.554750   34.784600    2.074200   -0.408050   -0.063150   -0.000200    0.000000    0.000000    0.000000    0.000000    0.000000    0.000000    0.000000    0.000000 -315.278050  -41.873650   -5.837250   -8.387350  -75.925950   -0.318750    2.573250   -1.488950  194.273400   10.555700    7.559100    9.579500  178.940000    5.442350    3.559100    9.974250   10.480700    0.307650   -0.045250    0.280800    0.000000    0.000000    0.000000    0.000000   -0.505200   -0.294700   -0.084200    0.000000 -296.344050  -21.919550   -1.022850   -7.276250  -76.845100   -7.534000    4.066200   -5.484600  183.005400    6.107100    9.391200    1.392000  175.723050    3.927400    4.827350    3.483300   12.180700    0.307650    0.019750    0.000000   -0.147350   -0.189450   -0.168400    0.000000   -1.936600   -2.610200   -1.599800    0.000000 -262.898550  -22.152700    2.414900  -13.027850  -71.437300  -11.861550    3.288600   -9.473050  164.434000    3.886250    6.934300    2.241650  163.688400    2.905700    3.160450    5.867950   10.722150    0.700050   -0.326000    0.046600   -2.268650   -1.984450   -2.089700    0.000000  -10.299000  -22.902050  -10.549800    1.199850 -201.804850  -41.509700    1.058550  -18.169000  -64.851100  -29.423750    1.072400  -21.462650  135.773800  -12.892400    5.683350   -2.631150  156.534350    0.807550    3.109650    6.875450   13.646900   -3.634600   -3.766050    0.401450  -10.906100  -22.266150  -14.141650    0.000000  -39.111350  -82.914400  -43.020700   -0.469150 -128.343800  -31.407350    0.389050  -17.159300  -60.382600  -43.692350   -0.301800  -29.731750   98.796600  -40.789350    0.749850   -8.873200  128.878250  -41.608800   -2.282800   18.485750    3.294150  -49.914000  -16.064950    5.422300  -26.508900  -63.291500  -30.416000   -0.069300  -67.101250 -101.677350  -38.899450   -0.855550  -74.744200  -41.386150   -0.042100  -15.740250  -65.336300 -111.168900   -0.168400  -41.503200   30.577000 -198.890500   -3.758150   12.931350  100.758450 -138.027000   -9.637800   80.223850   12.398900  -62.478950  -19.256750   29.256200  -53.866850  -71.467250  -22.312650   -0.911650  -49.371600  -31.244850    0.980850    5.007500 
-1933.499475 -1304.979750  -30.562775 -136.585150 -734.404725 -259.261500   -7.984075  -71.725100 1033.076425  314.488150   42.301275  151.978550 1397.129975  238.453650   53.453875  175.778700  132.774900    8.352275    2.583825   19.165600    0.000000    0.000000    0.000000    0.000000    0.000000    0.000000    0.000000    0.000000 -1364.572725 -192.130925  -28.105125  -32.103575 -658.310275  -65.089375  -12.292875  -21.971275  635.082300   -1.640850   28.406450   23.462750 1228.917500    6.568575   33.323950   53.971625  161.419150    1.268925    4.101375    2.430100    0.000000    0.000000    0.000000    0.000000   -1.649400   -0.962150   -0.274900    0.000000 -1336.692225 -169.941975  -25.620825  -29.208125 -641.913450  -77.483000  -12.506100  -24.151200  614.101300    6.427450   33.448900   10.069000 1211.387725   18.937800   52.058575   20.383850  155.144150    1.268925    3.421375    0.000000   -0.481075   -0.618525   -0.549800    0.000000   -6.322700   -8.521900   -5.223100    0.000000 -1239.229975 -237.555650  -22.050950  -55.098325 -633.606850 -101.770975   -9.618300  -42.392725  645.138000   11.788125   39.065850   10.201925 1125.724800   20.336650   42.670525   37.014275  121.661675    2.094225    3.420500    3.520200   -7.765925   -7.491025   -7.834650    0.000000  -78.215500 -103.930725  -46.458100   -2.435175 -1040.709825 -270.902150   -9.092525  -80.238000 -599.815450 -163.991875   -4.227200  -95.926425  561.808600  -44.145300   24.778075  -10.522175 1064.195075   10.517975   31.455425   63.738025  154.995550  -19.121200  -10.233725   10.485025  -46.470450  -97.944675  -65.649425    0.000000 -282.904075 -406.536800 -224.519150   -8.133175 -690.733600 -239.268575   -0.000275  -93.505850 -518.112200 -262.638575   -1.099600 -165.502875  331.645200 -212.807575    0.094825  -64.692900 1012.744625 -181.331100  -16.521600  117.665875  163.310675 -258.528000  -89.460775   34.281850 -135.337050 -371.101750 -193.382000   -2.125850 -406.148125 -654.113575 -311.583525   -5.493975 -366.569900 -269.777175   -0.137450  -90.173625 -435.987350 -627.147050   -0.549800 -242.490400   -0.766000 -1233.434750  -12.181175 -102.613425  949.911525 -1211.024000  -27.771600  428.662825  374.399550 -989.628775 -162.397875  195.396400 -264.996325 -1042.370125 -260.816425   -3.926925 -418.062700 -858.549825 -241.470675   -7.096250 
-418.491650 -191.811500   -4.874850  -25.958100 -113.365150   45.024000   18.549950   -9.710400  178.846950  221.290100   38.818850   19.941700  238.453650  179.667100   19.494250   22.949800   35.254600   25.617850    0.521550    2.082400    0.000000    0.000000    0.000000    0.000000    0.000000    0.000000    0.000000    0.000000 -257.972150   10.405050   -0.011750   -7.718050  -91.679850    3.168750    0.664750   -4.188850  127.829200    9.244100    4.948300    5.023500  187.950000    5.373050    3.333300    8.442750   28.819100    1.706950    0.614250    0.565400    0.000000    0.000000    0.000000    0.000000   -0.387600   -0.226100   -0.064600    0.000000 -229.335150  -37.826650   -6.314550   -6.863750  -87.841300  -14.147000   -1.994400   -5.629800  114.965200    4.562300    6.275600    2.206000  180.692150    8.496200    9.208050    4.302900   24.699100    1.706950    0.684250    0.000000   -0.113050   -0.145350   -0.129200    0.000000   -1.485800   -2.002600   -1.227400    0.000000 -211.613650  -14.245100   -5.661300  -10.574550  -89.254900  -22.937650   -2.458200   -7.597150  122.547000    2.858750    5.795900    1.528950  169.609200    8.509100    7.353350    6.445850   14.840450    2.653150    0.467000    0.945800   -1.824950   -1.760350   -1.841100    0.000000  -19.057000  -24.564150  -10.917400   -0.694450 -183.355550   -7.151100   -2.106350  -12.142000 -102.439300  -24.446250   -1.128800  -16.226950   96.594400   24.058800    1.726050    1.037550  178.109050   17.395650    2.572950   12.953350   27.279700   -2.449800   -3.046150    2.411350  -10.854300  -23.547450  -15.713950    0.000000  -68.655050  -97.227200  -53.264100   -1.986450 -138.249400  -41.298050    0.155150  -21.215900  -91.763800  -11.288050   -0.258400  -27.375250   35.870800   -1.164050   -0.694450   -7.966600  190.269750   -5.949400   -5.246400   24.557250   33.881450  -48.992000  -21.861850    9.194900  -31.555700  -84.439500  -46.533000    0.429100  -95.603750 -156.053050  -74.370350   -1.149650  -81.879600  -63.872450   -0.032300  -22.335750  -94.891900 -130.560700   -0.129200  -54.016600  -16.584000 -239.586500   -3.178450  -35.379950  171.397350 -230.511000  -12.591400   62.567550   71.215700 -111.848850  -45.740250   55.385600  -59.466550  -39.811750  -61.091950   23.631050  -84.110800  100.944450  -44.181450   16.367500 
 -77.871375  -60.808750   -0.864875   -6.546750  -28.242625  -13.262500    2.346625   -4.214500   31.579125   14.756750    9.017375    5.554750   53.453875   19.494250    7.489375    5.861500    5.915500    3.012375    0.082125    0.117000    0.000000    0.000000    0.000000    0.000000    0.000000    0.000000    0.000000    0.000000  -48.032625   -1.221625   -0.250625   -1.330875  -23.427375   -3.116875   -0.299375   -1.047375   23.233500   -1.268250    2.030250    0.103750   44.887500   -0.034125    2.662750    0.778125    3.861750   -0.018375    0.166875   -0.010500    0.000000    0.000000    0.000000    0.000000   -0.063000   -0.036750   -0.010500    0.000000  -44.280125   -8.238875   -1.167125   -1.115625  -24.415250   -3.475000   -0.634500   -0.924000   26.818500   -0.339750    1.120500   -0.360000   43.807625    0.316000    1.815875   -0.121750    2.871750   -0.018375    0.136875    0.000000   -0.018375   -0.023625   -0.021000    0.000000   -0.241500   -0.325500   -0.199500    0.000000  -42.498875   -5.154250   -0.852750   -1.844625  -21.758250   -4.283875   -0.463500   -1.382625   27.440000   -0.124375    1.648250    0.321625   37.891000    0.084250    1.053625    1.402375    1.800375   -0.049875    0.007500    0.129000   -0.296625   -0.286125   -0.299250    0.000000   -3.097500   -3.992625   -1.774500   -0.112875  -36.912125   -5.036750   -0.463625   -2.460000  -20.625250   -5.534375   -0.224000   -3.119125   21.732000    0.651500    1.073375    0.447125   35.193375    0.348875    0.819125    3.161125    2.779750   -0.924000   -0.527625    0.356125   -1.790250   -3.840375   -2.554125    0.000000  -11.253375  -16.086000   -8.751750   -0.322875  -26.182000  -10.675875   -0.032375   -3.823250  -18.059000   -6.185875   -0.042000   -5.449375   10.034000   -4.790875    0.132125   -1.235500   35.953125   -6.144500   -0.442000    6.174375    3.615375  -11.350000   -3.604875    1.418250   -5.297250  -15.258750   -7.670000   -0.173250  -17.335625  -26.550875  -12.678625   -0.238875  -14.495500  -10.852875   -0.005250   -3.243125  -17.650750  -24.962250   -0.021000   -9.363000   -2.815000  -46.868750   -0.332875   -4.174125   35.208625  -50.830000   -1.492000   19.807125   15.419750  -42.349875   -7.509375   10.818000  -11.204625  -36.690625  -10.534125    1.058375  -21.271500  -24.407125   -9.765375    0.018750 
-259.997700 -176.952000   -4.279300  -17.662800  -97.115700  -46.468000   -1.681900   -9.625200  130.994100   33.993800    5.066300   34.784600  175.778700   22.949800    5.861500   36.992400   17.369800    0.263300    0.123900    2.946200    0.000000    0.000000    0.000000    0.000000    0.000000    0.000000    0.000000    0.000000 -183.536700  -31.703100   -4.251500   -4.400900  -92.184300   -8.917500   -1.929500   -2.916300   74.084600   -1.044200    1.945400    5.418000  174.665000    0.645900    3.740400   11.364500   26.950800    0.359100    0.346500    0.510200    0.000000    0.000000    0.000000    0.000000   -0.208800   -0.121800   -0.034800    0.000000 -181.430700  -25.992700   -3.812900   -3.697500  -90.464400  -10.181000   -1.752200   -3.057400   68.502600   -0.327600    4.797800    1.343000  175.846700    2.335600    7.080900    3.620200   27.225800    0.359100    0.356500    0.000000   -0.060900   -0.078300   -0.069600    0.000000   -0.800400   -1.078800   -0.661200    0.000000 -170.803700  -33.693800   -2.949400   -7.077900  -87.351200  -14.355700   -1.521600   -5.531700   72.291000   -2.237500    4.019200    1.190100  170.094600    1.310800    4.922300    5.187300   22.172100    0.434700    0.481000    0.165400   -0.983100   -0.948300   -0.991800    0.000000   -9.546000  -13.082700   -5.881200   -0.244100 -144.845900  -41.806800   -1.581300  -11.056000  -80.708400  -22.212500   -0.734400  -12.584100   62.302200  -10.430600    4.169900   -3.383100  161.793900   -1.380300    5.457100    6.237300   25.918600   -2.597400   -1.088700    0.621300   -5.933400  -12.678100   -8.435100    0.000000  -35.396900  -52.613600  -28.525800   -0.990100  -95.762200  -41.570900   -0.144300  -13.394200  -69.509400  -36.710900   -0.139200  -22.439500   45.870400  -33.018900    0.500900  -11.745800  144.745500  -31.922200   -1.523200   12.935500   25.155100  -36.706000  -11.730300    3.986200  -17.411600  -48.496000  -24.849000   -0.369200  -53.957500  -84.595900  -39.533300   -0.731700  -49.489800  -36.008100   -0.017400  -11.128500  -58.777200  -88.311600   -0.069600  -33.170800    7.683000 -168.552000   -1.766100  -14.183100  138.684300 -160.803000   -2.518200   56.711900   53.266600 -140.426300  -17.469500   24.022800  -35.623900 -161.726500  -33.464100   -1.875100  -61.895400 -148.730900  -35.375100   -1.170000 
