 528.183900  600.977650  136.632900   74.857350  434.062800  402.817350  102.988100   69.735550 -748.330000  172.187800 -154.302900   12.191900 -293.857500  -98.912900 -123.466050  -14.347450   41.696250   -1.019700  -47.485500   45.647950   95.276400  256.606100  -17.338300  106.398000  110.689900  360.906700    2.875050  141.809650  421.761500 -154.357250   79.343250   87.754500  146.706200 -220.437250  -46.766250    7.917700 -294.601650 -124.717850 -221.315000  -37.439500  -80.895200 -428.940450 -131.894050   -8.483400    8.260400 -147.072000  -50.511550   36.170050   14.694650  118.929550  -10.425800   84.488000   41.542850  298.226850    7.684600  127.473400  566.491900 -503.694750   47.689050    5.717600  -44.425900 -258.538350 -194.356350  -15.048900 -257.291950 -130.721550 -194.171600  -13.637300    0.247750 -130.387450  -32.014450   -6.168350  230.479550  -89.274000    0.206450   27.203000  142.425800 -193.497250   -3.449150    4.704900  -69.834400 -378.067100  -24.243000  -56.091900  434.192200  -11.494650  -54.387200   17.620750 -258.005500  -53.660650 -213.239100    9.679650 -151.676400   33.629000  -48.264600   -0.764400   43.084750   95.318900   31.349550    0.774800  242.537000    2.040350   28.016500  -14.504850   47.349200 -102.036050  -12.837650  -15.121000  -76.581150 -216.059300  -11.909000  -48.388050  217.785500  -76.638100 -101.364550    9.401850 -135.009950  -67.448450  -81.842900   -1.042400   53.238000   65.835900  101.724750   -2.248650   31.420000  194.223100   70.136400   12.553500   -1.752800  -24.269400   -5.346200    5.514900 -102.915950   24.387750   -8.154250   -7.391450  -24.284300   45.484700    2.696950   49.161350   91.025750   23.702100  -32.870250    6.677100   64.995900  -47.676350  -20.265050    0.407700  253.585300   -9.718500   25.984250   15.334450  -40.444000 -123.153400  -26.599300   -9.989900  120.863350 -184.322350  -10.445150   -6.428750  -44.343350  -70.097950  -21.865900   -0.196200  -30.770900 -118.186250  -12.958900   42.748350  -48.757050  -31.141900  -13.239600   -3.517950   35.970650  -22.341000   -9.762000    6.065650  129.595450   79.905000  -15.442050   99.981300  -69.758600   40.736200   15.969200  -34.633300   73.516450 -272.002200  -18.013500  -73.595550  -86.147450 -154.653800 -109.919600  -27.234550  -70.918500  -66.048300  -29.610350   29.100950 
 600.977650 3157.760775  227.769150  207.841725  207.377800 1673.456725  284.231850  128.479925 -1020.720000 1176.845300  -61.494150   73.895650 -322.828750  325.050850 -146.524175    3.699425   25.384375 -120.828450  -82.026750   -7.622675   87.273900  121.344850  -30.287050    2.398000   53.653650  158.382950  -19.584325   58.925275  596.970250  210.289625  -41.071125  124.848250  503.056200 -344.585375 -132.591875   36.216450 -404.742275 -566.798475 -412.927500  -89.220750 -215.755200 -977.161075 -334.797175  -34.438400  -13.172100 -292.804500 -115.223425   52.013175    9.035275  327.811425    2.089200   98.545500   -0.011525  417.992475    0.974600  117.263400  677.133150 -2022.871625   -6.335325 -100.864900  330.050350 -787.217725 -287.308225  -85.352650 -311.161325 -523.798425 -418.521600  -43.276050  -31.915375 -294.160575  -85.645075    9.257275  202.296425   85.131000   16.237075   93.673000  193.155800  -18.895375   33.613975   40.783650 -130.841900 -360.305850  -43.880500  -75.763150  519.879700  144.237225   -8.197200    2.220125 -427.304250  -83.126275 -361.307850   -2.092225 -293.168900   59.891500 -111.384600   -4.279400   43.274125  210.302650   67.016425   19.759800  179.784500  156.152225   89.670250   29.014525  121.751700  -55.094175   27.136725   32.656500 -149.703025 -310.273050  -14.316500  -62.213675  239.361750  -36.754350 -165.903925   -3.375025 -127.759325  -51.344075 -133.976650   -5.249900   86.478000  262.094650  160.411625    5.020725   45.742500  339.376850   92.391400   18.154750  -83.305300   24.613100   24.696300  -26.531350 -195.197825   69.584625    1.135125   -3.604575   22.694450  295.905950   10.273825  169.318225  147.542625   14.993350  -68.270875    5.708350  309.617150   -6.698225    6.999325   27.236450  326.794050   54.625250   55.679875   37.010075  -64.556500 -161.405900 -113.710550  -23.591150  127.055225 -324.421725    7.545475  -51.398125  -34.937725 -135.872325   -5.502150  -56.123700   23.297850  -66.449375   -2.340150   55.712725    8.059825  -21.133150  -31.859600    8.780175  310.286275   98.901500    6.475500   84.836275  104.923575  332.880000   26.929825  149.957550 -255.283600  105.956200   74.864200 -159.034550  -17.052925 -434.912200   -5.419750 -107.444925 -199.295575 -308.598800 -113.299600  -78.823925 -342.057250 -264.164550   -0.177225  -30.144675 
 136.632900  227.769150   82.381900   17.465850  106.480800  163.020850   64.644100   15.166050 -222.180000  118.220800  -42.116900    1.810900  -92.932500    1.598100  -37.841550   -1.006950   -8.461250  -29.931700  -14.310500    3.602450   -2.209600   32.062100   -5.846300   11.508000   13.403900   80.738700    1.585550   25.686150  148.946500  -30.689750   51.055750   22.559500   36.558200  -68.809750  -14.183750   -0.110300  -91.483150  -50.801350  -78.870000  -13.799500  -29.917200 -147.719950  -49.474550   -0.702400   -0.490600  -56.707000  -21.397050   11.780550    3.411150   30.880050   -7.373800   20.623000    6.056350   63.385350    1.805600   25.667400  189.280900 -203.512250    5.629550   -0.406400  -20.644900  -98.331850  -74.149850   -9.027900  -77.791450  -51.042050  -69.657600   -5.335300    0.070250  -39.001950  -13.393950    4.658150   55.960050  -24.099000   -6.864050   18.888000   29.488800  -46.074750   -7.900650    7.253900  -19.983400  -97.933100   -8.778000   -8.015900  123.219200  -13.591150  -27.484200    5.398250  -90.430500  -23.512150  -76.620100    2.501150  -50.790400   -0.231000  -22.635600   -0.333400   12.497250   18.397900    6.465050    6.497800   87.072000   -1.371150    6.226500   14.481650   -4.483800  -40.781550   -6.309150   -0.916000  -30.422650  -72.977300   -4.964000  -14.818550   30.220500  -11.254100  -33.245050    4.990350  -44.264450  -29.502950  -30.691900   -0.261400   11.038000   15.654900   32.532250   -0.575150   11.675000   73.324100   30.985400    6.848500   -0.205800    8.446600    1.921800   14.418900  -39.385450    6.215250   -3.451750    5.649050  -15.802300    0.171700    0.451450    5.654850  -12.906750  -13.661900  -14.302750    3.733100   15.354900  -16.794850   -4.010550   -0.225300   88.713300   -1.538500   14.841750   -2.946050    1.816000  -43.762400   -8.487300   -2.218900   34.371850  -56.790850   -1.231650    5.878750  -10.451850  -19.692450   -4.564900   -3.468200  -25.614900  -34.248750   -2.842900    2.841850  -21.407550  -22.085900   -5.730600   -1.387450   20.552150   -2.686000   -2.657000   -2.052850   60.694950   31.605000   -5.052550   22.539300  -15.414600   31.773200    6.306200  -17.706300   17.155950  -71.234200    1.221500  -19.686050  -19.451950  -53.616800  -21.665600  -11.585050  -23.903500  -21.181300  -13.483850    5.390450 
  74.857350  207.841725   17.465850   38.015775  -14.097800  100.655775   15.538150   13.837575 -108.990000   48.719700  -16.545850    5.789350  -20.806250   -6.135850  -19.448325    4.588075   21.043125   10.498450   -9.088250    8.960175   42.696100   69.125150   -1.492950   23.462000   39.246350   95.437050    0.891825   30.462225   60.644750  -68.287125    4.878625   26.816750   18.003800  -44.932125   -9.170625    3.233550  -51.350225  -50.544025  -34.637500   -7.139250  -11.404800  -83.581425  -24.260325   -2.796600   13.597100  -25.220500   -4.189075    0.244325   10.852225   12.236075    4.800800    4.899500   11.724025   26.255025    0.970400   13.836600   96.001850 -115.610875   15.862825   -5.115100  -13.075350  -48.204775  -24.724275   -3.182350  -48.751175  -29.529075  -31.278400   -2.803950    5.012875  -21.216925   -5.427425    1.060225   55.411075   -9.886000    5.405425    6.922000   33.999200  -41.917125    5.603525   -5.418650  -19.693100 -100.094150   -4.364500  -22.326850   80.415300   16.375275    2.662200    2.372375  -65.730750  -10.456225  -32.227150    1.404725  -32.681100   13.558500   -4.700400   -0.345600    8.313375   31.432350    8.636075    3.755200   21.910500   12.445275    6.659750    9.142975   -7.596700   -5.868325    1.040775    8.338500  -19.499475  -24.536950    0.391500   -6.363825   52.323250   -5.705650  -11.253575    0.272525  -22.288175   -9.193425   -9.378350   -0.645100   12.182000   34.170350   19.070875    0.431775    4.382500   37.868150    3.863600    2.500250  -11.309700   -9.033100   -5.506300   -0.158650  -24.814675    8.807875   -1.947625    4.292075    4.755550   23.389050    2.943675   13.514275   32.999875   15.076650   -2.526625   -0.238350   31.157850   -1.379275   -1.251825    3.528550   36.995950   11.144750    0.712625    9.552425  -17.503500  -15.369100  -17.539450    0.966150   13.292275  -33.145775   -5.522975   -5.129375   -7.719775  -10.725175   -4.122850   -4.246300    8.952150  -22.118125   -3.139850    6.329775   -6.047325    2.313150   -1.975400   -0.522675   11.986225   -2.096500   -2.340500    5.496225    7.368925   28.520000   -5.197325   23.462450  -30.936400    9.228800   -4.389200   -9.950450    3.925425  -47.757800  -17.185250  -11.652575  -30.051925  -18.666200  -25.480400   -7.203575  -11.827750   -9.720450    3.324725    0.917175 
 434.062800  207.377800  106.480800  -14.097800 3185.145600  321.842200  299.841200  125.228600   23.720000  336.510600 -402.160800   44.013800 -1483.910000 -503.580800 -479.674600 -109.167400 -227.310000 -712.314400 -175.996000   -9.551600   19.162800 -215.997800  -90.471600  133.781000  -51.785200  -23.481600  -58.017400  147.811800  470.613000  679.788000   66.999000  130.014000  773.122400 -527.052000   57.820000   53.060400 -380.810800  449.296800 -441.485000  -27.899000 -286.830400 -604.753400 -280.980600  -37.346800 -125.494200 -630.514000 -165.240600   63.277600  -19.583200  245.766600  -64.991600  262.991000  133.663200  985.066200   10.544200  504.146800  848.608800 -389.232000    1.100600   88.930200  535.923200 -422.444200 -398.265200    6.422200 -612.876400 -133.805600 -545.868200  -34.254600 -103.467000 -213.987400 -116.846400   -2.959200   64.181600 -301.683000  -37.304600   18.046000  221.131600 -297.487000   18.124200  101.084800   74.656200   58.100800   13.819000  147.831200 1015.034400  -84.456800 -173.389400   22.579000   27.899000  -90.768800 -545.478200   18.606800 -340.387800   19.323000 -205.844200   -0.173800   -6.613000   69.877800   10.201600    0.339600  266.144000 -173.711800   20.168000  -25.212200  389.443400 -374.889600   19.117200 -101.317000 -115.184800 -594.418600  -23.153000 -128.183600  418.941000 -122.311200 -309.251600   17.436200 -162.857400  -45.169400 -213.860800   -0.664800   20.486000   -5.683200  132.942000   -1.504800   57.325000  255.881200  158.977800   31.312000 -119.205600  135.766200   -8.967400   21.204800   62.795600  -45.387000  -24.641000   -1.710400 -133.943600  -99.885600  -28.778600   27.580200  -72.521000   45.369200  -72.143000   10.459200  -68.318200  -92.340200  -48.352600  -21.494600  362.545600 -275.792000   -7.069000   13.581400  172.962000 -447.006800    0.316400   -6.464800  110.564200 -280.772200  -48.547800    5.855000   99.105800 -217.303400  -29.741800    7.572600  -87.891800  -86.860000  -19.802800   74.904200 -217.121600  -94.608800  -39.684200  -12.693400 -128.356200 -119.917000  -36.594000  -27.401200   71.673400 -141.680000  -48.631600   27.472600   -1.132200  -33.737600  -53.166600   72.778400   40.625400  -92.114400   32.853000  -77.723600  151.312600 -259.192600  -82.874200   28.863400 -177.177000 -189.616600 -155.073200   35.584400 
 402.817350 1673.456725  163.020850  100.655775  321.842200 1173.175775  196.933150   77.732575 -731.620000  912.764700  -39.625850   48.004350 -265.296250  353.219150  -71.043325   -3.791925   62.498125   23.348450  -40.378250   -5.044825   65.561100  149.745150  -20.752950   12.857000   44.526350  150.627050  -13.838175   27.362225  365.499750  -48.437125   30.428625   63.971750  364.058800 -268.057125  -57.385625   18.478550 -263.845225 -346.054025 -255.232500  -68.059250 -169.409800 -709.496425 -216.370325  -26.566600  -10.767900 -215.135500  -62.359075   34.284325    8.487225  275.976075   21.445800   65.329500   15.754025  455.225025   17.210400   85.416600  449.981850 -1271.840875    5.597825  -52.750100  228.309650 -557.924775 -193.599275  -55.592350 -196.601175 -372.654075 -297.608400  -31.348950  -12.822125 -233.131925  -66.112425    4.155225  164.421075   -6.106000   32.015425   44.462000  156.349200 -110.177125   49.953525   -5.748650  -76.973100 -321.219150   -5.124500 -105.821850  386.505300  126.080275   14.627200   -3.317625 -249.530750  -54.366225 -251.897150    0.074725 -194.271100   21.528500  -91.240400   -1.345600   30.488375  104.377350   34.536075    5.535200  145.300500   37.585275   63.339750    3.482975  100.308300 -106.058325   25.520775    1.063500  -55.859475 -301.626950  -11.313500  -70.468825  184.863250   45.859350  -73.913575   -3.712475 -102.548175  -58.268425  -93.713350    0.964900   60.017000   92.845350   79.115875    3.556775   50.627500  176.293150   81.173600    5.300250 -106.754700    4.806900   20.713700  -14.433650 -161.364675   41.237875    4.112375   12.052075   69.600550  167.264050    6.218675  121.979275   75.289875   63.796650  -30.361625    6.656650  118.412850  -33.119275    3.883175    6.208550  218.875950  -33.980250   33.887625    4.112425   26.141500 -184.584100  -52.859450  -21.173850   87.692275 -216.140775   18.882025  -25.839375  -18.509775 -125.680175    0.812150  -45.006300   55.517150  -64.543125    9.580150   12.259775   -8.152325  -15.721850  -16.570400    7.312325  163.131225   55.443500    3.694500   31.056225  109.278925  130.805000   15.777675   43.042450  -55.116400   13.823800   36.205800 -122.450450   16.640425 -248.837800   -5.675250  -64.137575 -105.471925 -196.021200  -48.735400  -67.373575 -230.572750 -143.820450  -15.340275  -76.322825 
 102.988100  284.231850   64.644100   15.538150  299.841200  196.933150  182.769900   18.045950 -121.795000  191.391200   34.520900   14.550100 -223.397500   -9.094100  -72.150450   -8.301050  -63.148750 -168.986300  -37.479500  -11.814450  -32.319400 -129.148100  -16.325700  -12.523000  -39.077900  -99.235700   -9.428550  -11.600150  148.843500   74.469750   42.889250   32.565500  102.834800 -111.310250   43.358750    3.178300 -123.992850   11.882350  -82.860000  -21.065500  -68.555800 -160.203050  -75.422450   -6.468600  -36.248400  -95.033000  -34.974950    8.406450  -13.920150   54.931950   -8.388200   28.492000    3.692650  140.018650    6.188400   35.983600  254.385100 -307.992750   45.402450   -0.214600   32.023900 -174.517150  -59.269150  -16.143100 -172.081550  -77.334950 -129.626400  -11.396700   -4.905250  -32.326050  -24.444050    7.962850   -2.448050   21.264000    0.237050   20.372000  -10.916800  -13.780250    5.634650   22.417100   -1.987600   46.414100   10.243000   40.064900  290.788800   81.315150   47.076200    9.351750 -156.759500  -38.968850 -102.408900    0.114850 -131.540600    3.916000  -53.768400   -0.832600   28.742750   16.968100    4.031950    8.859200  111.878000  -18.979850   17.013500   12.009350  -16.683200  -64.770450    5.468150  -13.794000  -19.193350  -85.474700   -2.001000  -14.288450  130.774500   74.580100  -23.336950   12.978650 -106.258550  -39.515050  -36.359100   -5.444600  -27.003000   62.381100   51.732750   -1.850850   12.340000  142.409900   32.935600   20.351500    6.943800   -8.922600    0.370200   27.387100  -48.987550    8.334750   -6.063250   15.222950  -16.494700  -27.273700   -0.863450    5.164150  -24.863250   17.160900  -18.037250    7.035900   24.176100  -20.334150    2.848550    3.103300  111.803700    4.388500   40.748250    9.439050  -26.386000  -36.543600  -12.609700    6.187900   50.832150  -90.238150  -15.699350   22.851250  -27.162150  -32.925550  -16.741100   17.670200  -15.941100  -27.231250   -1.008100   41.647150  -56.779450  -41.460100  -11.063400   -6.465550   32.423850  -19.649000   -6.968000   12.258850   78.878050   44.385000   -5.459450   98.937700  -79.009400   93.124800   19.231800  -12.185700   24.092050  -90.443800   18.548500  -37.025950  -42.306050  -84.540200  -29.393400    0.323050  -35.296500    5.019300  -13.765150   23.042550 
  69.735550  128.479925   15.166050   13.837575  125.228600   77.732575   18.045950   40.340975 -149.055000   71.631100  -31.416050   24.691550  -78.221250    4.603950  -28.490725   -1.617525    6.998125  -10.435150  -12.207250   13.819775   24.314300   49.376950   -3.958350   33.151000   21.132550   77.451650   -2.168775   42.086425   59.836750  -21.050125    7.934625   12.137750   71.844400  -61.500125   -6.000625    9.026150  -55.815425  -24.939825  -45.642500   -4.665250  -19.852400 -111.791025  -32.101725   -2.730800    1.177300  -53.291500  -13.665475    6.538725    4.446425   15.151475   -3.539600   25.953500   17.874825  101.952825   -0.469800   62.845800   75.294050 -116.288875    8.314225   -0.576300   51.025450  -64.839575  -36.808075   -1.050550  -44.597775  -43.515475  -49.814200   -3.476350   -5.545125  -37.302525  -10.579025    0.595425   57.861475  -30.403000    1.458025    9.396000   48.629600  -66.425125   -0.811675   -0.327450  -21.720300  -75.023950   -5.733500   -9.614050   42.533900    1.801075  -16.966400    5.313375  -17.949750   -8.238425  -48.127950    3.123925  -24.329300   13.190500   -7.500200    0.067200   -0.613625   45.350550   13.386475    5.767600   44.971500   14.046075    8.261750    9.741175   29.877900  -32.160725   -1.192425    3.245500  -24.455675  -58.320350   -1.610500  -11.852225  -30.847750  -30.048450  -27.343975    0.700325  -24.458775   -7.857025  -16.178550    0.223700   28.676000   11.264550   35.493875    0.030575    7.807500   33.025950   24.621800    8.263250  -11.901100    8.094700   -3.876900    9.877550   -1.568275    2.334875   -2.511625    4.889475   -6.652850   22.122650    2.960275   13.158075  -24.969125  -16.088550   -4.403625   -0.953550   15.247050  -11.048075   -2.276225    0.596150   69.027350  -19.063250    2.736625    6.399025  -11.485500  -61.688300  -12.387850    1.604950   24.517075  -62.382575   -4.106175   -6.519375   18.130425  -32.749775    1.102950   -5.196900  -14.142050  -26.653125   -0.683050    7.634575  -10.207725   -8.279050   -2.145200    1.597725   10.593425   -2.569500   -2.576500    0.118425   19.153525   11.580000   -6.147725   27.851850  -31.463200   16.379400   -4.014600   10.229150   10.868025  -26.176400   12.186750  -12.580975   -1.442525  -40.535600   -2.320200   -5.058975  -54.260750  -47.350850   -9.251075  -11.639225 
-748.330000 -1020.720000 -222.180000 -108.990000   23.720000 -731.620000 -121.795000 -149.055000 3156.860000 -440.145000  254.780000   -6.945000  174.375000 -288.095000 -145.020000  -25.440000 -571.590000 -724.560000  -99.200000 -203.120000 -286.085000 -1116.785000  -43.675000 -302.015000 -376.330000 -1489.590000 -107.120000 -351.250000 -704.370000  764.370000 -138.520000 -139.130000 -113.275000  368.735000  116.505000  -41.875000  811.565000  272.275000  299.665000  103.215000   84.175000 1192.980000  149.290000   16.435000  -77.135000   34.785000   -3.105000  -59.425000  -72.240000 -327.455000  -61.755000 -110.030000  -88.815000 -445.270000  -44.790000 -136.735000 -965.140000 1036.895000 -145.820000  -11.855000  152.775000  496.015000  316.390000   28.560000  441.370000  295.980000  250.995000   27.015000 -149.575000  318.180000   -2.490000   -8.305000 -746.135000   -8.960000 -104.750000 -108.675000 -397.995000  555.520000  -16.140000   70.075000  201.005000 1369.735000   39.170000  340.410000 -682.590000 -107.625000   67.900000  -38.825000  417.375000   86.340000  331.990000  -24.395000  231.635000  -42.565000   52.755000   -1.465000 -169.880000 -216.075000  -97.465000  -35.010000 -640.380000 -128.860000  -87.790000  -84.100000  -83.455000  178.470000    1.280000   -7.105000  146.495000  519.465000    3.985000  125.425000 -204.310000   78.305000   74.085000  -32.190000  140.310000  127.010000   98.045000   -7.155000 -112.700000 -147.355000 -188.050000   -8.645000  -64.280000 -286.070000 -185.620000  -51.400000  -16.285000   92.500000  -69.720000  -12.565000  288.825000 -167.995000  -13.220000   12.210000   47.980000 -482.610000  -41.440000 -147.480000 -112.460000  -90.255000  -16.040000  -23.485000 -257.530000   40.150000  -22.215000  -18.855000 -380.405000  -58.335000 -121.210000  -68.720000  243.350000  228.690000    9.610000  -25.350000 -234.005000  499.620000  -31.130000   39.315000   39.655000  187.915000  -38.735000   89.655000   71.030000   42.350000  -18.630000   64.880000 -103.435000  -44.310000  -14.205000  -19.280000 -326.680000  -75.715000  -19.540000  -41.265000 -228.100000 -299.135000   -2.485000 -182.030000  292.960000  -71.700000  -63.560000   43.600000 -239.435000  491.245000  -44.660000   89.180000  124.965000  476.205000  144.115000  119.235000  543.400000  601.830000   25.130000  279.780000 
 172.187800 1176.845300  118.220800   48.719700  336.510600  912.764700  191.391200   71.631100 -440.145000 1259.615600   74.639200   67.963800 -162.795000  799.304200   13.952900    5.950100  -14.477500  -65.854400  -24.976000  -67.714100  -37.107200 -112.422800  -15.116600  -75.149000  -49.660200 -146.776600  -18.284900  -52.045700  176.158000  -44.949500   33.276500   32.739000  346.657400 -293.244500   23.152500    4.905400 -202.683300 -259.635700 -142.475000  -66.484000 -147.610400 -478.735900 -148.643100  -29.506800  -18.849200 -162.324000  -40.613100   11.770100    6.989300  318.224100   27.908400   39.401000   29.755700  520.478700   20.904200   66.686800  284.223800 -1028.179500   43.138100  -45.824800  295.248200 -494.576700 -127.632700  -52.057800 -101.908900 -400.368100 -274.423200  -30.054600  -37.204500 -242.039900  -72.903900   15.183300   35.654100  -13.343000   16.252900   55.386000   84.691600  -27.834500   51.371700   20.859800  -33.498800   -4.419200   22.104000  -57.678800  199.159400  196.630700   56.130600   -4.098500 -162.351000  -58.826300 -199.373200   -1.850700  -98.902800    6.978000  -82.684200   -1.153800   -4.900500   94.362800   29.004100   19.339600    4.409000   60.935700   48.228000   50.705300   70.643400  -77.862100   23.974700   23.943000  -47.367300 -233.668600   -7.128000  -47.521100  -33.304000   79.898800  -66.614100   -2.161300  -78.469900  -54.586900  -63.680800   -2.919800   86.931000   17.761800   94.594500   -1.117300   23.520000   88.431200  135.207800   -9.053000 -141.665600   62.866200   36.007600  -10.845200 -134.226900   72.875500    6.041500   54.752100   63.671400  205.594400    5.783900  171.547700  -52.343500   35.954200  -24.075500    4.454200  148.261800  -40.377700   35.139900    8.400400  209.125600  -85.442000   84.428500  -23.301100   10.727000 -252.966800   -0.478600  -48.494800   72.146700 -227.539700   45.909700  -61.902500   46.013300 -142.015900   38.858200  -57.832400   94.478200   76.922500   28.017200   58.626700  -25.064100  -45.708800  -19.324200    6.204100  243.311300   73.743000   16.421000   44.701300  130.215900  156.155000   34.040900   66.287600 -113.482200  128.252400   36.888400 -136.041600  -34.502100 -122.734400   94.258000  -83.481100  -59.159900 -229.852600   52.715800  -61.904100 -214.352000 -153.956600  -19.210700 -108.753100 
-154.302900  -61.494150  -42.116900  -16.545850 -402.160800  -39.625850   34.520900  -31.416050  254.780000   74.639200  330.881900   -7.145900  263.972500  185.021900  201.716550    6.731950  -70.013750  -45.873300   25.895500  -52.017450  -83.225400 -218.827100    1.926300 -101.718000  -93.128900 -361.553700  -16.870550 -111.011150 -187.191500   14.649750  -26.935750  -41.474500  -59.333200   48.714750   75.143750  -16.459700  140.153150  -69.658650  177.380000    2.509500   11.147200  188.494950   85.189550    2.862400  -44.839400  156.907000   36.217050  -21.450550  -29.651150    5.654950   13.818800  -75.853000  -34.366350 -197.910350    1.149400 -138.107400 -213.055900   22.562250    8.905450  -24.223600   -4.575100   23.426850  140.799850   -6.737100   72.056450  -21.467950   64.972600    1.215300  -24.375250   75.336950   15.863950    5.571850 -177.810050  181.834000   17.444050   -1.683000  -98.538800  226.484750   20.830650   -1.713900   37.668400  265.948100   16.603000   14.730900  -92.129200   40.581150  124.044200  -10.228250  -13.309500   -0.157850  105.055100   -7.396150   22.735400  -23.789000    3.785600   -0.181600  -27.572250  -52.457900   -5.760050   -5.717800 -159.552000   11.841150    9.183500   -8.821650  -59.126200  105.856550   18.954150   24.046000   89.632650  189.382300   10.004000   48.283550   56.434500  142.704100  106.160050    4.759650    0.604450    7.257950   37.146900   -3.078600  -43.248000   -2.574900  -28.092250    0.475150  -31.590000  -52.729100  -25.640400   -1.713500  -39.124200  -31.656600    4.458200  -18.378900   45.575450   12.929750   15.286750    4.610950   94.362300   -0.516700    4.753550   29.315150   30.651750   61.416900   19.817750    2.141900   -1.219900   26.899850   23.350550    5.495300  -95.998300   53.583500   21.508250   14.746050  -61.246000   88.602400   10.842300   12.823900  -36.991850   85.680850   -3.053350   14.816250   21.291850   35.957450    5.094900    2.893200  110.414900   30.438750   10.552900   48.138150   29.647550    3.485900    1.280600    6.227450   46.747850   49.766000    8.227000   21.212850  -37.564950   30.370000   15.962550   35.175700  -62.805400    6.331800    8.953800   21.041300  -38.020950   67.534200   -0.421500   36.821050   -8.778050   81.636800   49.935600   20.405050   91.713500  101.656300   59.378850   -2.200450 
  12.191900   73.895650    1.810900    5.789350   44.013800   48.004350   14.550100   24.691550   -6.945000   67.963800   -7.145900   50.429900  -34.802500   48.224100  -14.697050   18.963550  -11.488750  -34.068700   -9.715500    3.801950   15.834400  -35.321900   -4.624300   17.838000   -1.212100  -42.009300   -5.848950   20.397650    4.791500  -31.492250    4.703250    1.659500   25.005200  -24.767250   10.278750    7.161700  -23.519650  -22.059850   -8.480000   -0.674500   -9.654200  -32.439450  -17.390050    3.338600   -3.671600  -27.582000  -10.692550    4.041050   -5.067350   -3.514450   -5.941800   22.368000    5.164850   28.788850   -1.838400   50.866400   -2.205100 -140.519750    8.940050   -4.715400   43.081100  -52.880350    5.591650   -3.371900   -4.285950  -50.557550  -23.293600   -2.833300  -10.547250  -29.721450  -11.258450    2.204650    3.190550    0.421000   -1.274550    5.928000    8.911800   -1.762250    1.742850    6.337900  -10.737400   44.280900    0.677000   19.005100    0.386200   27.232350   19.388800    2.465750  -11.030500   -4.118650   -4.391100   -0.007350  -14.534400    7.874000    1.788400   -0.132400   -5.345250   30.136900    8.160550    6.895800   12.747000   19.272350    6.996500   14.553150   16.278200   -2.522050    1.064350    4.804000  -17.289150   -0.520300   -0.799000   -1.539050  -38.004500   22.984900    5.349450    0.768850  -26.508950   -3.347450    3.374100   -0.855400   15.523000    7.198900   15.859750   -0.361650    9.130000   15.585100    0.779400    7.958500    1.131200    1.437600   -7.340200   14.587900   11.230050  -22.622250   -5.264250   10.954550   -5.905300  -40.201300   -2.109050   -4.791650  -32.054250   -6.500900    7.459750    0.924100   -0.571100   -8.083350    6.728950    0.111700   28.331300   -6.468500    7.599250    2.253450   -9.689000  -21.126400  -12.545300    4.932100    5.965350  -30.454350   -8.293150    1.291250    7.154650  -32.686950   -3.778900    7.059800  -10.623900  -45.151250   -5.866900   10.940350   -7.698050   -0.239900    3.303400    3.308050    2.773650   -5.046000    2.108000    2.283650    6.329450   13.620000    0.531950   26.132300  -38.935600   38.800200   -4.651800   -0.499300  -12.499550   -1.381200    7.091500   -7.831550   -9.571450  -15.894800    6.938400    6.364450   -4.753500   26.930700   -7.727350   21.699950 
-293.857500 -322.828750  -92.932500  -20.806250 -1483.910000 -265.296250 -223.397500  -78.221250  174.375000 -162.795000  263.972500  -34.802500 1323.137500  311.017500  406.833750   61.873750  161.901250  335.352500  131.012500  -27.661250 -107.950000  -76.437500   52.862500 -112.630000  -92.817500 -393.112500    2.116250 -145.353750 -395.322500 -308.316250  -65.273750  -79.387500 -451.480000  390.798750  -33.276250  -42.932500  304.358750 -199.786250  299.745000   24.132500  279.165000  472.093750  256.338750   35.665000   28.010000  570.015000  131.266250  -26.618750  -30.408750   23.088750   47.765000 -133.835000  -43.363750 -395.633750    4.990000 -246.710000 -649.412500  322.211250  -78.478750  -32.975000 -288.102500  388.141250  211.286250    6.277500  471.621250  107.956250  403.890000   30.202500   74.373750  134.363750   90.978750   -4.298750 -260.176250  268.290000   10.591250  -37.670000 -193.120000  401.718750    0.171250  -59.982500   68.255000  173.932500   24.455000 -118.472500 -676.315000  -87.691250    9.275000  -27.161250   64.117500   78.718750  387.632500  -13.588750  300.500000   -5.745000  183.850000    0.595000  -10.421250  -33.827500  -11.606250    0.155000 -364.785000  154.728750  -22.417500  -10.411250 -252.450000  300.138750   -6.506250   38.890000  161.491250  354.632500   21.190000   70.208750 -158.842500   82.777500  217.121250  -19.708750  178.701250   79.383750  176.212500    2.660000   12.305000  -34.392500  -99.481250    4.828750  -36.475000 -245.007500 -113.130000  -31.082500   31.790000  -56.175000  -11.815000  -31.607500  -20.938750    3.963750   12.258750  -10.881250  144.412500    5.807500    5.803750   -1.226250  171.853750  103.747500   85.893750   -6.107500   57.192500  101.916250   54.733750   17.562500 -308.737500  179.567500  -12.178750    4.676250 -153.675000  297.195000   13.967500   -4.262500  -93.656250  266.696250   19.711250  -26.643750  -35.958750  199.471250   15.947500   -3.755000  138.737500  152.728750    2.112500    9.398750  231.133750  150.647500   38.370000   18.776250   63.226250  134.120000   40.750000   36.646250 -181.918750  102.170000   57.048750  -53.357500  -92.845000  -14.040000    0.255000   14.567500  -47.208750  250.180000  -80.587500   67.666250    2.368750  275.770000   55.105000   -4.718750  200.912500  247.527500  127.566250  -13.861250 
 -98.912900  325.050850    1.598100   -6.135850 -503.580800  353.219150   -9.094100    4.603950 -288.095000  799.304200  185.021900   48.224100  311.017500 1469.601900  333.641550   43.461950  184.406250  650.781700  153.260500  -25.677450  -81.270400   63.012900   24.351300 -132.538000  -29.888900  -91.613700   -3.015550 -108.166150  -64.111500 -285.780250   11.629250  -22.359500  -13.218200  -19.750250   21.638750    3.385300  -65.081850 -229.533650  126.860000  -41.960500  -14.517800   26.919950   54.234550  -14.542600   68.650600  177.582000   52.862050  -17.020550    7.378850  106.504950   27.668800  -82.643000  -32.171350  -45.575350   -2.685600 -143.222400 -117.060900 -515.237750   18.115450  -38.588600   88.264900 -148.128150   71.029850  -23.402100  115.306450 -252.027950  -11.202400  -10.599700   -0.885250 -168.928050  -24.031050   13.151850  -33.100050  146.394000   16.914050   26.117000   -7.133800  217.729750   47.790650  -21.243900  -21.336600  250.933100   28.483000  -70.299100 -187.639200  228.921150  138.409200   -1.733250  -86.744500    9.542150   73.105100   -5.171150    6.295400   -8.654000   -1.964400   -0.756600   -6.832250   42.902100   25.004950   15.207200 -123.557000  123.636150   47.158500   45.703350  -59.406200   94.711550   35.344150   36.481000  -16.967350  114.582300    9.319000    7.038550 -186.250500  184.869100  102.435050    7.464650  -45.030550    1.207950   40.291900   -8.758600   -6.468000  -46.284900    9.342750    2.470150   -2.355000 -109.189100   98.059600  -10.058500  -52.389200   -3.811600   48.423200  -30.643900  -59.969550   92.739750   21.396750   38.775950   55.247300  187.973300   -2.246450  131.590150   47.211750   62.906900   26.497750    9.021900   80.865100    7.929850   55.335550   12.155300  -37.223300  -16.676500  100.898250  -34.968950  -35.591000  -76.817600   63.637300  -30.606100   61.543150  -71.494150   71.696650  -48.223750   93.966850  -64.457550   65.334900  -45.846800   74.814900   32.758750   -5.912100   15.733150   80.192550   21.165900    5.480600   21.582450  213.762850  139.251000   36.462000   67.427850   91.070050  237.765000   85.132550    6.685700  -99.765400  119.926800   82.738800 -123.258700  -13.935950 -131.470800  134.363500  -48.183950 -110.673050 -202.683200   41.845600  -26.869950 -171.846500 -158.578700  -37.336150 -105.960450 
-123.466050 -146.524175  -37.841550  -19.448325 -479.674600  -71.043325  -72.150450  -28.490725 -145.020000   13.952900  201.716550  -14.697050  406.833750  333.641550  410.257975   14.957775  114.675625  215.221650  136.924750  -23.022525  -53.357300  -68.246450   19.011850  -76.291000  -54.428050 -200.533150    2.906525  -78.505675 -158.809250 -103.223625  -29.860875  -45.575250 -162.163400  141.781375   15.621875  -17.997650   81.059675  -77.881925  202.942500   -0.197250   64.236400  138.611275  170.508975    9.848800  -35.595300  268.936500   74.825225  -20.955975  -23.580675   86.343775   19.140600  -69.553500  -31.368075 -140.276075    0.362800 -116.428800 -268.359550   16.282625  -23.046475  -24.010700  -88.674950  107.995325  138.588825    1.321050  138.920525  -21.349775  159.951200    7.069850    0.896375   25.432775   48.789275   -0.244675 -142.471225  180.408000   39.496725  -22.981000  -85.440600  218.261375   20.033425  -41.813050   20.913300  110.403450    7.443500  -56.640450 -240.822900   -7.736825   91.345400  -12.397125  -34.687750   39.077675  177.302450   -5.968175   62.222300   -4.535500   61.437200    1.115800  -16.740125   19.193950   21.573775    3.701400 -200.101500   98.698175   26.830750   -5.232925  -87.066900  144.762975   20.566675    6.974500   68.362425  131.878850   16.250500   26.814475  -32.404750  120.867950  153.088725   -4.133575   17.291525   13.922275   67.454050   -3.990700  -24.411000   -0.750050  -36.107625    4.663675  -16.447500  -75.375450  -33.189800    5.199250  -27.792900  -35.716700    4.360900  -18.048050   11.126025   13.026375   15.452875  -21.184225   88.931350   32.065850    6.346975   28.696175   89.640375   84.334050   44.119875   -1.230950   27.592450   33.603825   28.743475   12.422350 -104.155850   94.015750    9.012125   25.470725  -79.959500  127.491300  -12.713650   18.035550  -27.272825   81.513325    0.282925    8.308125   28.455325   57.072525    4.632550   -8.614100  102.447550   65.149375   -1.061450    3.564675  134.414975   88.614550   24.192200   11.885025   85.807325   68.634500   22.231500   21.812325  -53.133775   53.860000   20.249975   23.899650 -105.179800  -26.618400   -1.254400   27.044350  -17.193275   35.580400  -18.719250   37.780725  -18.367225   78.566600   19.692200   22.038725   80.033250   83.924350   38.886825  -14.403525 
 -14.347450    3.699425   -1.006950    4.588075 -109.167400   -3.791925   -8.301050   -1.617525  -25.440000    5.950100    6.731950   18.963550   61.873750   43.461950   14.957775   36.433975   16.770625   32.298850    4.682750   15.573275    8.796300   -8.400050    0.682650    3.861000    0.874550  -31.592350   -2.977275    3.045925  -21.558250  -16.657625   10.022125    2.322750  -42.089600   18.982375    2.236875    0.002150   -8.664925  -23.535325   16.737500   -0.240250   12.791600   17.125475   11.086775    7.577200   12.679300   24.513500    4.973025    3.310225    1.930925  -11.012025    0.706400    2.428500   -2.789675  -57.291675   -2.196800   -3.937200  -26.323950  -28.046375    3.215725   -0.848300  -24.141550   -1.660075   16.546425   -2.232550   25.023725  -14.741975   19.632800    0.619650    7.827375   -1.831025    1.187475    2.339925   -1.477025   24.852000    2.671525    6.436000  -10.896400   29.032375    1.498825    5.569550   -5.492300   23.708050    1.241500   13.528950  -13.955100   -1.058425    8.877600   -0.569125  -10.369750   -0.132925   23.679050   -0.716575   11.773700    0.505500   12.366800   -0.049800    4.608875   11.587550    2.152975    5.741600   -8.313500   20.721575    2.126750   21.525675  -26.221100   21.967775   -0.546925   13.555500   -8.680175   35.550650    0.649500    7.956275  -11.912750   22.283550   14.944525    1.865825   -5.742275    5.404475   14.329450    1.566700    3.596000    4.021550   -3.373625   -0.048925    5.602500   -6.541050  -11.816200   -0.506750    5.249900   -6.607300   -6.852900    9.179550   -9.766775  -13.367625   -6.189125   14.480975   -6.291850  -29.066350   -3.981225   -3.881425   -9.031625    3.679450    6.983875    1.334450   -3.810950    4.551425    7.537275    1.377150  -10.923650   14.111750    7.989125   -0.672475  -15.705500   30.504700   -1.921850   -0.322050  -13.117425   15.746925   -9.655675   -3.051875  -15.655075    1.951725   -0.214050    2.572100    2.310950   10.489375   -0.980050    2.925075   -3.944225   -0.061050    1.196800    0.909225   -0.182075    3.035500    3.013500    2.467925  -10.002975   20.055000    8.045775    9.560850  -36.536200   33.590400   -0.928600    2.430150  -34.178475   16.417600    0.511750   -2.527475  -26.851025    6.645400   12.946800   -4.840475    6.704250   28.180150    5.798425    5.359275 
